Epoch,class,precision,recall,fscore,support
2,0,0.0,0.0,0.0,143.0
2,1,0.0,0.0,0.0,127.0
2,2,0.3115,0.7665,0.43450000000000005,184.0
2,3,0.3635,0.37750000000000006,0.36150000000000004,186.0
2,Micro Avg,0.327,0.327,0.327,640.0
2,Macro Avg,0.16950000000000004,0.28550000000000003,0.199,640.0
2,weighted avg ,0.20750000000000002,0.327,0.23899999999999996,640.0
Epoch,class,precision,recall,fscore,support
3,0,0.0,0.0,0.0,275.0
3,1,0.0,0.0,0.0,234.0
3,2,0.31894736842105265,0.755263157894737,0.43973684210526326,370.0
3,3,0.32473684210526316,0.34,0.32421052631578945,337.0
3,Micro Avg,0.32315789473684225,0.32315789473684225,0.32315789473684225,1216.0
3,Macro Avg,0.16184210526315793,0.2736842105263157,0.1910526315789474,1216.0
3,weighted avg ,0.2007894736842105,0.32315789473684225,0.23421052631578942,1216.0
Epoch,class,precision,recall,fscore,support
4,0,0.0,0.0,0.0,402.0
4,1,0.0,0.0,0.0,339.0
4,2,0.31124999999999997,0.7451785714285716,0.4316071428571429,537.0
4,3,0.3339285714285714,0.33767857142857144,0.32732142857142854,514.0
4,Micro Avg,0.31928571428571434,0.31928571428571434,0.31928571428571434,1792.0
4,Macro Avg,0.16232142857142856,0.27071428571428563,0.18964285714285722,1792.0
4,weighted avg ,0.20124999999999996,0.31928571428571434,0.23250000000000007,1792.0
Epoch,class,precision,recall,fscore,support
5,0,0.0,0.0,0.0,509.0
5,1,0.0,0.0,0.0,460.0
5,2,0.3112162162162162,0.7436486486486487,0.43121621621621625,712.0
5,3,0.34486486486486473,0.3428378378378378,0.3352702702702701,687.0
5,Micro Avg,0.32229729729729734,0.32229729729729734,0.32229729729729734,2368.0
5,Macro Avg,0.16513513513513514,0.27148648648648643,0.1913513513513514,2368.0
5,weighted avg ,0.20581081081081076,0.32229729729729734,0.23635135135135144,2368.0
Epoch,class,precision,recall,fscore,support
6,0,0.0,0.0,0.0,640.0
6,1,0.0,0.0,0.0,576.0
6,2,0.30663043478260865,0.7410869565217392,0.42695652173913046,876.0
6,3,0.34413043478260846,0.3374999999999999,0.33239130434782593,852.0
6,Micro Avg,0.3179347826086957,0.3179347826086957,0.3179347826086957,2944.0
6,Macro Avg,0.16369565217391305,0.2695652173913043,0.18956521739130444,2944.0
6,weighted avg ,0.20249999999999999,0.3179347826086957,0.23217391304347834,2944.0
Epoch,class,precision,recall,fscore,support
7,0,0.0,0.0,0.0,768.0
7,1,0.0,0.0,0.0,681.0
7,2,0.306,0.7375454545454546,0.4256363636363637,1043.0
7,3,0.34618181818181804,0.3424545454545454,0.3355454545454544,1028.0
7,Micro Avg,0.3189090909090909,0.3189090909090909,0.3189090909090909,3520.0
7,Macro Avg,0.16381818181818183,0.26999999999999996,0.1900909090909091,3520.0
7,weighted avg ,0.20427272727272733,0.3189090909090909,0.23418181818181827,3520.0
Epoch,class,precision,recall,fscore,support
8,0,0.0,0.0,0.0,898.0
8,1,0.0,0.0,0.0,786.0
8,2,0.3050000000000001,0.736796875,0.42414062500000005,1214.0
8,3,0.34914062499999976,0.34398437499999995,0.337109375,1198.0
8,Micro Avg,0.31804687500000023,0.31804687500000023,0.31804687500000023,4096.0
8,Macro Avg,0.1642187500000001,0.2702343749999999,0.19000000000000009,4096.0
8,weighted avg ,0.2052343750000001,0.31804687500000023,0.23398437500000005,4096.0
Epoch,class,precision,recall,fscore,support
9,0,0.0,0.0,0.0,1022.0
9,1,0.0,0.0,0.0,898.0
9,2,0.30965753424657533,0.7371917808219178,0.42815068493150676,1394.0
9,3,0.35027397260273957,0.35075342465753423,0.34061643835616445,1358.0
9,Micro Avg,0.321232876712329,0.321232876712329,0.321232876712329,4672.0
9,Macro Avg,0.16575342465753432,0.2721232876712328,0.19198630136986308,4672.0
9,weighted avg ,0.2073287671232878,0.321232876712329,0.23671232876712336,4672.0
Epoch,class,precision,recall,fscore,support
10,0,0.0,0.0,0.0,1146.0
10,1,0.0,0.0,0.0,1019.0
10,2,0.31280487804878054,0.7410365853658536,0.4314024390243902,1577.0
10,3,0.34780487804878035,0.35176829268292686,0.3400000000000001,1506.0
10,Micro Avg,0.3232317073170734,0.3232317073170734,0.3232317073170734,5248.0
10,Macro Avg,0.1658536585365854,0.2732317073170731,0.19262195121951223,5248.0
10,weighted avg ,0.20810975609756108,0.3232317073170734,0.23823170731707322,5248.0
Epoch,class,precision,recall,fscore,support
11,0,0.0,0.0,0.0,1270.0
11,1,0.0,0.0,0.0,1139.0
11,2,0.31423076923076937,0.7428571428571428,0.4332967032967033,1761.0
11,3,0.34181318681318673,0.34785714285714286,0.3345054945054946,1654.0
11,Micro Avg,0.3228571428571432,0.3228571428571432,0.3228571428571432,5824.0
11,Macro Avg,0.1646703296703297,0.27269230769230757,0.19186813186813192,5824.0
11,weighted avg ,0.20604395604395612,0.3228571428571432,0.2368131868131869,5824.0
Epoch,class,precision,recall,fscore,support
12,0,0.0,0.0,0.0,1402.0
12,1,0.0,0.0,0.0,1250.0
12,2,0.3151500000000001,0.7455499999999998,0.43469999999999986,1936.0
12,3,0.34419999999999995,0.35269999999999996,0.33835000000000015,1812.0
12,Micro Avg,0.3243000000000004,0.3243000000000004,0.3243000000000004,6400.0
12,Macro Avg,0.1655,0.2745999999999999,0.1931,6400.0
12,weighted avg ,0.2063500000000001,0.3243000000000004,0.23770000000000002,6400.0
Epoch,class,precision,recall,fscore,support
13,0,0.0,0.0,0.0,1541.0
13,1,0.0,0.0,0.0,1357.0
13,2,0.3138073394495413,0.7449541284403669,0.43357798165137607,2105.0
13,3,0.3464220183486238,0.3562385321100916,0.3410091743119267,1973.0
13,Micro Avg,0.32444954128440406,0.32444954128440406,0.32444954128440406,6976.0
13,Macro Avg,0.1657339449541284,0.2754587155963302,0.1935321100917432,6976.0
13,weighted avg ,0.20564220183486245,0.32444954128440406,0.23711009174311928,6976.0
Epoch,class,precision,recall,fscore,support
14,0,0.0,0.0,0.0,1667.0
14,1,0.0,0.0,0.0,1465.0
14,2,0.3141101694915254,0.7439406779661015,0.4335169491525424,2282.0
14,3,0.34927966101694924,0.35830508474576267,0.3436440677966103,2138.0
14,Micro Avg,0.3253389830508479,0.3253389830508479,0.3253389830508479,7552.0
14,Macro Avg,0.1664830508474576,0.27572033898305087,0.1942372881355933,7552.0
14,weighted avg ,0.20686440677966106,0.3253389830508479,0.2383898305084746,7552.0
Epoch,class,precision,recall,fscore,support
15,0,0.0,0.0,0.0,1793.0
15,1,0.0,0.0,0.0,1577.0
15,2,0.31314960629921257,0.7422440944881887,0.43216535433070863,2449.0
15,3,0.34696850393700795,0.3567322834645669,0.3415748031496064,2309.0
15,Micro Avg,0.3240157480314965,0.3240157480314965,0.3240157480314965,8128.0
15,Macro Avg,0.16562992125984252,0.2748818897637798,0.19326771653543318,8128.0
15,weighted avg ,0.20625984251968504,0.3240157480314965,0.2375590551181103,8128.0
Epoch,class,precision,recall,fscore,support
16,0,0.0,0.0,0.0,1921.0
16,1,0.0,0.0,0.0,1699.0
16,2,0.3130882352941176,0.7426470588235292,0.43235294117647055,2620.0
16,3,0.34720588235294125,0.35897058823529415,0.34272058823529433,2464.0
16,Micro Avg,0.32382352941176523,0.32382352941176523,0.32382352941176523,8704.0
16,Macro Avg,0.16573529411764704,0.27562500000000023,0.1936764705882354,8704.0
16,weighted avg ,0.20562499999999995,0.32382352941176523,0.23709558823529414,8704.0
Epoch,class,precision,recall,fscore,support
17,0,0.0,0.0,0.0,2061.0
17,1,0.0,0.0,0.0,1809.0
17,2,0.31296551724137933,0.7431724137931033,0.43258620689655175,2797.0
17,3,0.34379310344827596,0.3565517241379311,0.3396551724137932,2613.0
17,Micro Avg,0.322827586206897,0.322827586206897,0.322827586206897,9280.0
17,Macro Avg,0.16475862068965516,0.27513793103448286,0.19296551724137936,9280.0
17,weighted avg ,0.20386206896551715,0.322827586206897,0.23568965517241386,9280.0
Epoch,class,precision,recall,fscore,support
18,0,0.0,0.0,0.0,2196.0
18,1,0.0,0.0,0.0,1923.0
18,2,0.313462783171521,0.742459546925566,0.432977346278317,2980.0
18,3,0.3453074433656959,0.35711974110032363,0.3407119741100324,2789.0
18,Micro Avg,0.32343042071197453,0.32343042071197453,0.32343042071197453,9888.0
18,Macro Avg,0.1652750809061489,0.27508090614886743,0.1933656957928803,9888.0
18,weighted avg ,0.20456310679611645,0.32343042071197453,0.2363430420711974,9888.0
Epoch,class,precision,recall,fscore,support
19,0,0.0,0.0,0.0,2325.0
19,1,0.0,0.0,0.0,2025.0
19,2,0.3150152905198776,0.7429051987767582,0.43464831804281345,3171.0
19,3,0.3453822629969421,0.35718654434250774,0.34079510703363913,2943.0
19,Micro Avg,0.3245565749235478,0.3245565749235478,0.3245565749235478,10464.0
19,Macro Avg,0.16559633027522933,0.27522935779816515,0.19376146788990828,10464.0
19,weighted avg ,0.20513761467889907,0.3245565749235478,0.2371865443425077,10464.0
Epoch,class,precision,recall,fscore,support
20,0,0.0,0.0,0.0,2451.0
20,1,0.0,0.0,0.0,2133.0
20,2,0.3161449275362318,0.7439710144927534,0.4357971014492755,3351.0
20,3,0.3466956521739132,0.3589855072463769,0.3419710144927536,3105.0
20,Micro Avg,0.3253623188405801,0.3253623188405801,0.3253623188405801,11040.0
20,Macro Avg,0.16614492753623183,0.27597101449275363,0.19431884057971016,11040.0
20,weighted avg ,0.20611594202898556,0.3253623188405801,0.23791304347826095,11040.0
Epoch,class,precision,recall,fscore,support
21,0,0.0,0.0,0.0,2583.0
21,1,0.0,0.0,0.0,2249.0
21,2,0.31523415977961416,0.7444352617079887,0.4349586776859505,3512.0
21,3,0.34716253443526185,0.3598622589531681,0.3423966942148759,3272.0
21,Micro Avg,0.3247933884297524,0.3247933884297524,0.3247933884297524,11616.0
21,Macro Avg,0.16606060606060602,0.2763085399449035,0.19424242424242433,11616.0
21,weighted avg ,0.20575757575757575,0.3247933884297524,0.23735537190082648,11616.0
Epoch,class,precision,recall,fscore,support
22,0,0.0,0.0,0.0,2700.0
22,1,0.0,0.0,0.0,2363.0
22,2,0.31530183727034117,0.7413385826771651,0.43435695538057745,3697.0
22,3,0.34685039370078763,0.3602624671916011,0.34225721784776897,3432.0
22,Micro Avg,0.3245406824146985,0.3245406824146985,0.3245406824146985,12192.0
22,Macro Avg,0.16601049868766402,0.27564304461942246,0.19409448818897643,12192.0
22,weighted avg ,0.20624671916010506,0.3245406824146985,0.23763779527559065,12192.0
Epoch,class,precision,recall,fscore,support
23,0,0.0,0.0,0.0,2830.0
23,1,0.0,0.0,0.0,2468.0
23,2,0.31476190476190463,0.743458646616541,0.43423558897243103,3854.0
23,3,0.35020050125313296,0.3609022556390979,0.3442606516290727,3616.0
23,Micro Avg,0.3250626566416044,0.3250626566416044,0.3250626566416044,12768.0
23,Macro Avg,0.1667167919799498,0.276265664160401,0.194561403508772,12768.0
23,weighted avg ,0.20734335839599008,0.3250626566416044,0.23832080200501257,12768.0
Epoch,class,precision,recall,fscore,support
24,0,0.0,0.0,0.0,2956.0
24,1,0.0,0.0,0.0,2585.0
24,2,0.31556354916067114,0.7441726618705035,0.4351318944844124,4036.0
24,3,0.34870503597122327,0.35952038369304595,0.3429736211031176,3767.0
24,Micro Avg,0.3252278177458037,0.3252278177458037,0.3252278177458037,13344.0
24,Macro Avg,0.16654676258992798,0.27609112709832134,0.19448441247002404,13344.0
24,weighted avg ,0.20712230215827349,0.3252278177458037,0.23829736211031183,13344.0
Epoch,class,precision,recall,fscore,support
25,0,0.0,0.0,0.0,3082.0
25,1,0.0,0.0,0.0,2680.0
25,2,0.3153563218390801,0.7413793103448276,0.4343218390804597,4220.0
25,3,0.35000000000000037,0.3611034482758625,0.34413793103448287,3938.0
25,Micro Avg,0.3253563218390808,0.3253563218390808,0.3253563218390808,13920.0
25,Macro Avg,0.16682758620689647,0.27577011494252873,0.19459770114942535,13920.0
25,weighted avg ,0.20806896551724152,0.3253563218390808,0.23891954022988518,13920.0
Epoch,class,precision,recall,fscore,support
26,0,0.0,0.0,0.0,3215.0
26,1,0.0,0.0,0.0,2796.0
26,2,0.3154525386313464,0.7424724061810154,0.4344812362030905,4394.0
26,3,0.34969094922737354,0.3599337748344376,0.3431125827814571,4091.0
26,Micro Avg,0.3250331125827818,0.3250331125827818,0.3250331125827818,14496.0
26,Macro Avg,0.16677704194260487,0.2757395143487859,0.19439293598234,14496.0
26,weighted avg ,0.2078807947019869,0.3250331125827818,0.23847682119205307,14496.0
Epoch,class,precision,recall,fscore,support
27,0,0.0,0.0,0.0,3348.0
27,1,0.0,0.0,0.0,2898.0
27,2,0.31634819532908703,0.743651804670913,0.43566878980891705,4582.0
27,3,0.3470488322717628,0.3566666666666672,0.34027600849256917,4244.0
27,Micro Avg,0.32494692144373705,0.32494692144373705,0.32494692144373705,15072.0
27,Macro Avg,0.16630573248407643,0.27518046709129523,0.1939915074309979,15072.0
27,weighted avg ,0.2073885350318473,0.32494692144373705,0.23813163481953306,15072.0
Epoch,class,precision,recall,fscore,support
28,0,0.0,0.0,0.0,3487.0
28,1,0.0,0.0,0.0,3009.0
28,2,0.3160940695296523,0.741758691206544,0.4351942740286298,4760.0
28,3,0.3452965235173831,0.3566053169734156,0.3395296523517384,4392.0
28,Micro Avg,0.32443762781186125,0.32443762781186125,0.32443762781186125,15648.0
28,Macro Avg,0.16582822085889565,0.27468302658486726,0.1936809815950921,15648.0
28,weighted avg ,0.2065644171779143,0.32443762781186125,0.23762781186094087,15648.0
Epoch,class,precision,recall,fscore,support
29,0,0.0,0.0,0.0,3615.0
29,1,0.0,0.0,0.0,3122.0
29,2,0.3156213017751479,0.7403550295857985,0.43465483234713986,4934.0
29,3,0.3443984220907305,0.35577909270217006,0.33877712031558194,4553.0
29,Micro Avg,0.3238658777120318,0.3238658777120318,0.3238658777120318,16224.0
29,Macro Avg,0.16550295857988165,0.27418145956607504,0.1933333333333335,16224.0
29,weighted avg ,0.20603550295858,0.3238658777120318,0.2371597633136096,16224.0
Epoch,class,precision,recall,fscore,support
30,0,0.0,0.0,0.0,3757.0
30,1,0.0,0.0,0.0,3238.0
30,2,0.31508571428571425,0.7407809523809519,0.4341333333333331,5097.0
30,3,0.3445142857142865,0.35670476190476236,0.33933333333333343,4708.0
30,Micro Avg,0.3234476190476193,0.3234476190476193,0.3234476190476193,16800.0
30,Macro Avg,0.16542857142857142,0.27451428571428577,0.19329523809523827,16800.0
30,weighted avg ,0.2055619047619049,0.3234476190476193,0.23660952380952394,16800.0
Epoch,class,precision,recall,fscore,support
31,0,0.0,0.0,0.0,3882.0
31,1,0.0,0.0,0.0,3346.0
31,2,0.315303867403315,0.7404972375690602,0.4343278084714547,5271.0
31,3,0.34526703499079264,0.3581583793738495,0.3401104972375692,4877.0
31,Micro Avg,0.32394106813996343,0.32394106813996343,0.32394106813996343,17376.0
31,Macro Avg,0.16567219152854507,0.2747697974217312,0.19351749539594862,17376.0
31,weighted avg ,0.20600368324125243,0.32394106813996343,0.23701657458563544,17376.0
Epoch,class,precision,recall,fscore,support
32,0,0.0,0.0,0.0,3997.0
32,1,0.0,0.0,0.0,3459.0
32,2,0.3165062388591801,0.7412477718360065,0.43557932263814597,5465.0
32,3,0.34443850267379755,0.3578609625668454,0.33966131907308394,5031.0
32,Micro Avg,0.32458110516934074,0.32458110516934074,0.32458110516934074,17952.0
32,Macro Avg,0.16577540106951866,0.27490196078431384,0.1937611408199645,17952.0
32,weighted avg ,0.20627450980392173,0.32458110516934074,0.23754010695187175,17952.0
Epoch,class,precision,recall,fscore,support
33,0,0.0,0.0,0.0,4124.0
33,1,0.0,0.0,0.0,3574.0
33,2,0.31582037996545764,0.740120898100172,0.4347495682210707,5636.0
33,3,0.3432297063903289,0.3563557858376517,0.338497409326425,5194.0
33,Micro Avg,0.32381692573402443,0.32381692573402443,0.32381692573402443,18528.0
33,Macro Avg,0.16530224525043177,0.27424870466321244,0.19326424870466338,18528.0
33,weighted avg ,0.20575129533678774,0.32381692573402443,0.23696027633851477,18528.0
Epoch,class,precision,recall,fscore,support
34,0,0.0,0.0,0.0,4250.0
34,1,0.0,0.0,0.0,3689.0
34,2,0.31670568561872914,0.7412207357859525,0.4358528428093646,5829.0
34,3,0.3449665551839473,0.3573578595317731,0.3398996655518397,5368.0
34,Micro Avg,0.32489966555183974,0.32489966555183974,0.32489966555183974,19136.0
34,Macro Avg,0.1659531772575251,0.2747993311036789,0.19389632107023425,19136.0
34,weighted avg ,0.20677257525083628,0.32489966555183974,0.2379765886287627,19136.0
Epoch,class,precision,recall,fscore,support
35,0,0.0,0.0,0.0,4375.0
35,1,0.0,0.0,0.0,3805.0
35,2,0.31642857142857156,0.74202922077922,0.4358279220779224,5993.0
35,3,0.34577922077922163,0.35758116883116936,0.34029220779220803,5539.0
35,Micro Avg,0.3249350649350652,0.3249350649350652,0.3249350649350652,19712.0
35,Macro Avg,0.1660714285714286,0.2750324675324675,0.1939935064935066,19712.0
35,weighted avg ,0.2069967532467534,0.3249350649350652,0.23800324675324683,19712.0
Epoch,class,precision,recall,fscore,support
36,0,0.0,0.0,0.0,4506.0
36,1,0.0,0.0,0.0,3916.0
36,2,0.31643533123028394,0.7413249211356459,0.4356782334384862,6172.0
36,3,0.3449211356466886,0.3571293375394328,0.3397003154574134,5694.0
36,Micro Avg,0.3246372239747637,0.3246372239747637,0.3246372239747637,20288.0
36,Macro Avg,0.16585173501577288,0.2747476340694006,0.19381703470031558,20288.0
36,weighted avg ,0.20675078864353325,0.3246372239747637,0.2377917981072555,20288.0
Epoch,class,precision,recall,fscore,support
37,0,0.0,0.0,0.0,4629.0
37,1,0.0,0.0,0.0,4032.0
37,2,0.3163496932515337,0.7406441717791402,0.4355368098159512,6344.0
37,3,0.3461809815950929,0.3592484662576694,0.34104294478527625,5859.0
37,Micro Avg,0.32489263803681007,0.32489263803681007,0.32489263803681007,20864.0
37,Macro Avg,0.1661196319018405,0.2750920245398773,0.19412576687116576,20864.0
37,weighted avg ,0.20716257668711668,0.32489263803681007,0.2380368098159509,20864.0
Epoch,class,precision,recall,fscore,support
38,0,0.0,0.0,0.0,4756.0
38,1,0.0,0.0,0.0,4145.0
38,2,0.31637313432835823,0.7394179104477603,0.43538805970149286,6531.0
38,3,0.3457761194029859,0.3595223880597021,0.3409253731343285,6008.0
38,Micro Avg,0.3247761194029853,0.3247761194029853,0.3247761194029853,21440.0
38,Macro Avg,0.16599999999999998,0.27485074626865674,0.19407462686567178,21440.0
38,weighted avg ,0.20697014925373136,0.3247761194029853,0.2379253731343284,21440.0
Epoch,class,precision,recall,fscore,support
39,0,0.0,0.0,0.0,4874.0
39,1,0.0,0.0,0.0,4260.0
39,2,0.31678779069767443,0.7399563953488364,0.4358575581395352,6710.0
39,3,0.3458284883720939,0.35934593023255873,0.34103197674418617,6172.0
39,Micro Avg,0.3251017441860467,0.3251017441860467,0.3251017441860467,22016.0
39,Macro Avg,0.16609011627906975,0.2749127906976745,0.1942587209302326,22016.0
39,weighted avg ,0.20725290697674423,0.3251017441860467,0.23829941860465126,22016.0
Epoch,class,precision,recall,fscore,support
40,0,0.0,0.0,0.0,5008.0
40,1,0.0,0.0,0.0,4376.0
40,2,0.3176062322946176,0.7402266288951832,0.43665722379603444,6896.0
40,3,0.3441926345609075,0.35927762039660116,0.3401558073654393,6312.0
40,Micro Avg,0.32509915014164326,0.32509915014164326,0.32509915014164326,22592.0
40,Macro Avg,0.16586402266288952,0.2749433427762041,0.19423512747875357,22592.0
40,weighted avg ,0.20677053824362604,0.32509915014164326,0.238101983002833,22592.0
Epoch,class,precision,recall,fscore,support
41,0,0.0,0.0,0.0,5130.0
41,1,0.0,0.0,0.0,4490.0
41,2,0.31806629834254146,0.7408563535911595,0.43719613259668544,7074.0
41,3,0.3447237569060782,0.3600138121546968,0.340704419889503,6474.0
41,Micro Avg,0.3255939226519338,0.3255939226519338,0.3255939226519338,23168.0
41,Macro Avg,0.16611878453038678,0.275290055248619,0.19448895027624313,23168.0
41,weighted avg ,0.20714088397790048,0.3255939226519338,0.23848066298342557,23168.0
Epoch,class,precision,recall,fscore,support
42,0,0.0,0.0,0.0,5269.0
42,1,0.0,0.0,0.0,4602.0
42,2,0.31781671159029645,0.7412533692722367,0.4369541778975744,7243.0
42,3,0.3446361185983836,0.359407008086254,0.34036388140161744,6630.0
42,Micro Avg,0.325390835579515,0.325390835579515,0.325390835579515,23744.0
42,Macro Avg,0.16602425876010787,0.2752425876010785,0.19431266846361187,23744.0
42,weighted avg ,0.20710242587601072,0.325390835579515,0.23832884097035056,23744.0
Epoch,class,precision,recall,fscore,support
43,0,0.0,0.0,0.0,5392.0
43,1,0.0,0.0,0.0,4711.0
43,2,0.3178421052631577,0.7410657894736838,0.43693421052631615,7424.0
43,3,0.3451184210526324,0.3598552631578953,0.34081578947368446,6793.0
43,Micro Avg,0.3255657894736843,0.3255657894736843,0.3255657894736843,24320.0
43,Macro Avg,0.16614473684210534,0.27530263157894763,0.19443421052631574,24320.0
43,weighted avg ,0.20721052631578937,0.3255657894736843,0.2384736842105265,24320.0
Epoch,class,precision,recall,fscore,support
44,0,0.0,0.0,0.0,5526.0
44,1,0.0,0.0,0.0,4826.0
44,2,0.31741645244215916,0.7414652956298194,0.43656812339331663,7588.0
44,3,0.3452570694087412,0.3589460154241651,0.3402056555269927,6956.0
44,Micro Avg,0.3252056555269924,0.3252056555269924,0.3252056555269924,24896.0
44,Macro Avg,0.1660925449871466,0.2751928020565556,0.19419023136246777,24896.0
44,weighted avg ,0.20719794344472992,0.3252056555269924,0.23807197943444755,24896.0
Epoch,class,precision,recall,fscore,support
45,0,0.0,0.0,0.0,5657.0
45,1,0.0,0.0,0.0,4936.0
45,2,0.3174874371859294,0.7417964824120595,0.43675879396984957,7761.0
45,3,0.3452261306532671,0.35953517587939754,0.34050251256281444,7118.0
45,Micro Avg,0.32530150753768844,0.32530150753768844,0.32530150753768844,25472.0
45,Macro Avg,0.1660929648241206,0.2754396984924626,0.19429648241206013,25472.0
45,weighted avg ,0.20693467336683402,0.32530150753768844,0.23797738693467366,25472.0
Epoch,class,precision,recall,fscore,support
46,0,0.0,0.0,0.0,5802.0
46,1,0.0,0.0,0.0,5039.0
46,2,0.31760442260442245,0.7414987714987707,0.43676904176904197,7939.0
46,3,0.3449385749385758,0.35977886977887036,0.3402334152334157,7268.0
46,Micro Avg,0.32519656019656,0.32519656019656,0.32519656019656,26048.0
46,Macro Avg,0.166031941031941,0.2754422604422607,0.19422604422604403,26048.0
46,weighted avg ,0.20680589680589667,0.32519656019656,0.2378501228501231,26048.0
Epoch,class,precision,recall,fscore,support
47,0,0.0,0.0,0.0,5933.0
47,1,0.0,0.0,0.0,5161.0
47,2,0.3175721153846153,0.7417187499999991,0.43683894230769255,8116.0
47,3,0.3447355769230779,0.35949519230769295,0.33998798076923126,7414.0
47,Micro Avg,0.3249999999999997,0.3249999999999997,0.3249999999999997,26624.0
47,Macro Avg,0.1659495192307692,0.2754206730769233,0.1941826923076921,26624.0
47,weighted avg ,0.20646634615384604,0.3249999999999997,0.23756009615384643,26624.0
Epoch,class,precision,recall,fscore,support
48,0,0.0,0.0,0.0,6065.0
48,1,0.0,0.0,0.0,5266.0
48,2,0.3176705882352941,0.7423999999999988,0.43702352941176487,8292.0
48,3,0.34464705882353036,0.3584823529411769,0.3394117647058828,7577.0
48,Micro Avg,0.32492941176470563,0.32492941176470563,0.32492941176470563,27200.0
48,Macro Avg,0.16594117647058818,0.27535294117647074,0.19408235294117626,27200.0
48,weighted avg ,0.206470588235294,0.32492941176470563,0.2374823529411767,27200.0
Epoch,class,precision,recall,fscore,support
49,0,0.0,0.0,0.0,6183.0
49,1,0.0,0.0,0.0,5382.0
49,2,0.317557603686636,0.7428225806451603,0.4370161290322584,8468.0
49,3,0.3454377880184341,0.3575460829493091,0.3390322580645165,7743.0
49,Micro Avg,0.3249654377880181,0.3249654377880181,0.3249654377880181,27776.0
49,Macro Avg,0.1661290322580645,0.27521889400921673,0.19399769585253437,27776.0
49,weighted avg ,0.2068087557603685,0.3249654377880181,0.23752304147465456,27776.0
Epoch,class,precision,recall,fscore,support
50,0,0.0,0.0,0.0,6310.0
50,1,0.0,0.0,0.0,5510.0
50,2,0.31755355129650514,0.7427057497181497,0.4371138669673058,8657.0
50,3,0.3456369785794822,0.35797068771138707,0.3392559188275089,7907.0
50,Micro Avg,0.32515219842164567,0.32515219842164567,0.32515219842164567,28384.0
50,Macro Avg,0.16620067643742958,0.2752762119503948,0.19409244644870327,28384.0
50,weighted avg ,0.20684329199549023,0.32515219842164567,0.23757609921082315,28384.0
Epoch,class,precision,recall,fscore,support
51,0,0.0,0.0,0.0,6431.0
51,1,0.0,0.0,0.0,5621.0
51,2,0.31793370165745866,0.7432044198895014,0.4374917127071826,8845.0
51,3,0.3450497237569068,0.3566740331491716,0.3382209944751385,8063.0
51,Micro Avg,0.32519337016574545,0.32519337016574545,0.32519337016574545,28960.0
51,Macro Avg,0.1661325966850829,0.27506077348066327,0.19392265193370137,28960.0
51,weighted avg ,0.20697237569060753,0.32519337016574545,0.2376022099447515,28960.0
Epoch,class,precision,recall,fscore,support
52,0,0.0,0.0,0.0,6555.0
52,1,0.0,0.0,0.0,5737.0
52,2,0.3182773564463707,0.7435211267605619,0.4377464788732398,9026.0
52,3,0.3442578548212357,0.35664138678223223,0.33785482123510313,8218.0
52,Micro Avg,0.3253196099674969,0.3253196099674969,0.3253196099674969,29536.0
52,Macro Avg,0.1660130010834236,0.2751137594799569,0.19386782231852628,29536.0
52,weighted avg ,0.20684723726977225,0.3253196099674969,0.23760563380281702,29536.0
Epoch,class,precision,recall,fscore,support
53,0,0.0,0.0,0.0,6675.0
53,1,0.0,0.0,0.0,5844.0
53,2,0.31806588735387903,0.7423485653560028,0.43737513283740753,9207.0
53,3,0.34434643995749264,0.35671625929861883,0.3380446333687569,8386.0
53,Micro Avg,0.32534537725823554,0.32534537725823554,0.32534537725823554,30112.0
53,Macro Avg,0.16598299681190223,0.27483528161530313,0.19380446333687543,30112.0
53,weighted avg ,0.20698193411264587,0.32534537725823554,0.23778958554729027,30112.0
Epoch,class,precision,recall,fscore,support
54,0,0.0,0.0,0.0,6786.0
54,1,0.0,0.0,0.0,5956.0
54,2,0.3176225234619396,0.7416684045881111,0.4368091762252352,9377.0
54,3,0.34458811261731037,0.3557142857142859,0.3377267987486969,8569.0
54,Micro Avg,0.3251616266944729,0.3251616266944729,0.3251616266944729,30688.0
54,Macro Avg,0.1659436913451512,0.274410844629823,0.19358706986444188,30688.0
54,weighted avg ,0.20722627737226249,0.3251616266944729,0.23783107403545373,30688.0
Epoch,class,precision,recall,fscore,support
55,0,0.0,0.0,0.0,6920.0
55,1,0.0,0.0,0.0,6064.0
55,2,0.31765609007164797,0.7418730808597732,0.4369089048106453,9553.0
55,3,0.34431934493347044,0.35537359263050183,0.33751279426816805,8727.0
55,Micro Avg,0.3251279426816781,0.3251279426816781,0.3251279426816781,31264.0
55,Macro Avg,0.16587512794268172,0.2743705220061416,0.1935516888433979,31264.0
55,weighted avg ,0.20708290685772746,0.3251279426816781,0.23771750255885377,31264.0
Epoch,class,precision,recall,fscore,support
56,0,0.0,0.0,0.0,7030.0
56,1,0.0,0.0,0.0,6200.0
56,2,0.3177688442211056,0.7418693467336667,0.43701507537688494,9733.0
56,3,0.34329648241206084,0.3545929648241209,0.3366733668341711,8877.0
56,Micro Avg,0.3248944723618086,0.3248944723618086,0.3248944723618086,31840.0
56,Macro Avg,0.16564824120603017,0.27417085427135707,0.19335678391959776,31840.0
56,weighted avg ,0.20676381909547714,0.3248944723618086,0.23747738693467346,31840.0
Epoch,class,precision,recall,fscore,support
57,0,0.0,0.0,0.0,7163.0
57,1,0.0,0.0,0.0,6307.0
57,2,0.3172655478775914,0.7413228035537991,0.4364165844027646,9900.0
57,3,0.3431194471865751,0.354146100691017,0.33632773938795696,9046.0
57,Micro Avg,0.32452122408687023,0.32452122408687023,0.32452122408687023,32416.0
57,Macro Avg,0.16545903257650538,0.27392892398815427,0.19311944718657428,32416.0
57,weighted avg ,0.20662388943731472,0.32452122408687023,0.23718657453109587,32416.0
Epoch,class,precision,recall,fscore,support
58,0,0.0,0.0,0.0,7284.0
58,1,0.0,0.0,0.0,6426.0
58,2,0.31745877788554827,0.7413579049466522,0.43667313288069887,10080.0
58,3,0.3435596508244428,0.35484966052376354,0.3368865179437443,9202.0
58,Micro Avg,0.32478176527643016,0.32478176527643016,0.32478176527643016,32992.0
58,Macro Avg,0.16560620756547031,0.27412221144519905,0.19331716779825384,32992.0
58,weighted avg ,0.20666343355965064,0.32478176527643016,0.23735208535402533,32992.0
Epoch,class,precision,recall,fscore,support
59,0,0.0,0.0,0.0,7413.0
59,1,0.0,0.0,0.0,6539.0
59,2,0.3170162059103913,0.7404861773117238,0.4361010486177317,10250.0
59,3,0.3437559580552912,0.35489990467111543,0.33714966634890414,9366.0
59,Micro Avg,0.32452812202097187,0.32452812202097187,0.32452812202097187,33568.0
59,Macro Avg,0.16554814108674912,0.27390848427073416,0.19323164918970417,33568.0
59,weighted avg ,0.2065586272640608,0.32452812202097187,0.23722592945662546,33568.0
Epoch,class,precision,recall,fscore,support
60,0,0.0,0.0,0.0,7533.0
60,1,0.0,0.0,0.0,6657.0
60,2,0.31704779756326196,0.7400656044985928,0.43611059044048794,10429.0
60,3,0.3437019681349583,0.3555388940955952,0.3374320524835994,9525.0
60,Micro Avg,0.3245360824742263,0.3245360824742263,0.3245360824742263,34144.0
60,Macro Avg,0.16554826616682264,0.27397375820056247,0.19328959700093684,34144.0
60,weighted avg ,0.20644798500468578,0.3245360824742263,0.2371977507029054,34144.0
Epoch,class,precision,recall,fscore,support
61,0,0.0,0.0,0.0,7662.0
61,1,0.0,0.0,0.0,6773.0
61,2,0.31717050691244286,0.7410599078341,0.43645161290322637,10606.0
61,3,0.3437695852534567,0.3551059907834103,0.33729032258064584,9679.0
61,Micro Avg,0.3246912442396308,0.3246912442396308,0.3246912442396308,34720.0
61,Macro Avg,0.16561290322580624,0.2741013824884794,0.19334562211981532,34720.0
61,weighted avg ,0.20645161290322553,0.3246912442396308,0.2372165898617512,34720.0
Epoch,class,precision,recall,fscore,support
62,0,0.0,0.0,0.0,7793.0
62,1,0.0,0.0,0.0,6892.0
62,2,0.3168449682683595,0.7409428830462362,0.4361106074342707,10771.0
62,3,0.3439256572982779,0.3555213055303719,0.33754306436990095,9840.0
62,Micro Avg,0.32447869446962757,0.32447869446962757,0.32447869446962757,35296.0
62,Macro Avg,0.16559383499546662,0.2741704442429739,0.19332728921124176,35296.0
62,weighted avg ,0.2062012692656388,0.32447869446962757,0.23697189483227565,35296.0
Epoch,class,precision,recall,fscore,support
63,0,0.0,0.0,0.0,7923.0
63,1,0.0,0.0,0.0,7003.0
63,2,0.31669045495093723,0.7407582515611049,0.43585191793041983,10943.0
63,3,0.3442818911685999,0.3558251561106157,0.3378055307760935,10003.0
63,Micro Avg,0.3244067796610161,0.3244067796610161,0.3244067796610161,35872.0
63,Macro Avg,0.16565566458519154,0.27418376449598575,0.19334522747546798,35872.0
63,weighted avg ,0.20625334522747513,0.3244067796610161,0.2369759143621766,35872.0
Epoch,class,precision,recall,fscore,support
64,0,0.0,0.0,0.0,8052.0
64,1,0.0,0.0,0.0,7111.0
64,2,0.31630377524144043,0.7414925373134317,0.435557506584724,11101.0
64,3,0.34511852502194956,0.35558384547849003,0.3381035996488155,10184.0
64,Micro Avg,0.3243283582089542,0.3243283582089542,0.3243283582089542,36448.0
64,Macro Avg,0.16575943810359936,0.27430201931518877,0.1933538191395958,36448.0
64,weighted avg ,0.20642669007901635,0.3243283582089542,0.23695346795434585,36448.0
Epoch,class,precision,recall,fscore,support
65,0,0.0,0.0,0.0,8184.0
65,1,0.0,0.0,0.0,7228.0
65,2,0.3158945548833195,0.7419878997407074,0.43520311149524676,11261.0
65,3,0.34548833189282674,0.3554537597234228,0.3381936041486611,10351.0
65,Micro Avg,0.32407951598962725,0.32407951598962725,0.32407951598962725,37024.0
65,Macro Avg,0.16575626620570405,0.27439066551426095,0.1932929991356954,37024.0
65,weighted avg ,0.20631806395851301,0.32407951598962725,0.23675885911840958,37024.0
Epoch,class,precision,recall,fscore,support
66,0,0.0,0.0,0.0,8324.0
66,1,0.0,0.0,0.0,7330.0
66,2,0.3164880952380959,0.7420578231292505,0.435790816326531,11471.0
66,3,0.34485544217687114,0.35472789115646264,0.3375425170068036,10507.0
66,Micro Avg,0.32441326530612136,0.32441326530612136,0.32441326530612136,37632.0
66,Macro Avg,0.16573979591836693,0.27421768707482996,0.1932993197278908,37632.0
66,weighted avg ,0.2065731292517003,0.32441326530612136,0.2370748299319728,37632.0
Epoch,class,precision,recall,fscore,support
67,0,0.0,0.0,0.0,8452.0
67,1,0.0,0.0,0.0,7442.0
67,2,0.31654103852596377,0.7418341708542701,0.43587102177554465,11647.0
67,3,0.34487437185929687,0.3553015075376886,0.3379145728643224,10667.0
67,Micro Avg,0.3245142378559452,0.3245142378559452,0.3245142378559452,38208.0
67,Macro Avg,0.1657621440536009,0.27431323283082076,0.19342546063651558,38208.0
67,weighted avg ,0.2064907872696813,0.3245142378559452,0.23713567839195984,38208.0
Epoch,class,precision,recall,fscore,support
68,0,0.0,0.0,0.0,8589.0
68,1,0.0,0.0,0.0,7541.0
68,2,0.31644389438943965,0.7418234323432329,0.4357755775577559,11818.0
68,3,0.3454042904290433,0.3557425742574259,0.3384323432343242,10836.0
68,Micro Avg,0.32469471947194595,0.32469471947194595,0.32469471947194595,38784.0
68,Macro Avg,0.16588283828382788,0.2744306930693069,0.19351485148514821,38784.0
68,weighted avg ,0.20673267326732625,0.32469471947194595,0.2373597359735974,38784.0
Epoch,class,precision,recall,fscore,support
69,0,0.0,0.0,0.0,8713.0
69,1,0.0,0.0,0.0,7656.0
69,2,0.3163821138211389,0.7422926829268278,0.43582113821138246,11994.0
69,3,0.34549593495934994,0.35512195121951234,0.33810569105691124,10997.0
69,Micro Avg,0.32467479674796623,0.32467479674796623,0.32467479674796623,39360.0
69,Macro Avg,0.1659024390243898,0.27439024390243894,0.19344715447154442,39360.0
69,weighted avg ,0.20673170731707266,0.32467479674796623,0.23726829268292685,39360.0
Epoch,class,precision,recall,fscore,support
70,0,0.0,0.0,0.0,8858.0
70,1,0.0,0.0,0.0,7752.0
70,2,0.31636217948718004,0.7416987179487167,0.43571314102564135,12174.0
70,3,0.3453766025641029,0.3556730769230771,0.338333333333334,11152.0
70,Micro Avg,0.3246714743589731,0.3246714743589731,0.3246714743589731,39936.0
70,Macro Avg,0.16584935897435854,0.27438301282051264,0.19348557692307664,39936.0
70,weighted avg ,0.20663461538461483,0.3246714743589731,0.23725961538461546,39936.0
Epoch,class,precision,recall,fscore,support
71,0,0.0,0.0,0.0,8988.0
71,1,0.0,0.0,0.0,7864.0
71,2,0.316413902053713,0.7416034755134266,0.4357187993680887,12349.0
71,3,0.3451342812006322,0.35594786729857836,0.33834123222748885,11311.0
71,Micro Avg,0.32461295418641256,0.32461295418641256,0.32461295418641256,40512.0
71,Macro Avg,0.1657898894154814,0.2744312796208529,0.19349131121642937,40512.0
71,weighted avg ,0.20646919431279584,0.32461295418641256,0.23716429699842026,40512.0
Epoch,class,precision,recall,fscore,support
72,0,0.0,0.0,0.0,9106.0
72,1,0.0,0.0,0.0,7973.0
72,2,0.3163862928348916,0.7413161993769457,0.4356386292834896,12524.0
72,3,0.34568535825545205,0.3562694704049846,0.338808411214954,11485.0
72,Micro Avg,0.3248364485981295,0.3248364485981295,0.3248364485981295,41088.0
72,Macro Avg,0.16593457943925183,0.27445482866043597,0.1936059190031149,41088.0
72,weighted avg ,0.20680685358255427,0.3248364485981295,0.2374688473520249,41088.0
Epoch,class,precision,recall,fscore,support
73,0,0.0,0.0,0.0,9246.0
73,1,0.0,0.0,0.0,8086.0
73,2,0.31630568356374866,0.7415360983102907,0.4355990783410144,12696.0
73,3,0.34567588325652865,0.3564746543778803,0.33890937019969336,11636.0
73,Micro Avg,0.3247849462365578,0.3247849462365578,0.3247849462365578,41664.0
73,Macro Avg,0.16589861751152027,0.2745622119815666,0.19361751152073697,41664.0
73,weighted avg ,0.20659754224270332,0.3247849462365578,0.23730414746543776,41664.0
Epoch,class,precision,recall,fscore,support
74,0,0.0,0.0,0.0,9375.0
74,1,0.0,0.0,0.0,8197.0
74,2,0.3164166666666673,0.74171212121212,0.43582575757575814,12877.0
74,3,0.34537121212121236,0.35600000000000015,0.33853787878787933,11791.0
74,Micro Avg,0.3248030303030289,0.3248030303030289,0.3248030303030289,42240.0
74,Macro Avg,0.16585606060606012,0.274492424242424,0.19358333333333294,42240.0
74,weighted avg ,0.20648484848484827,0.3248030303030289,0.23724242424242417,42240.0
Epoch,class,precision,recall,fscore,support
75,0,0.0,0.0,0.0,9500.0
75,1,0.0,0.0,0.0,8309.0
75,2,0.31637518684603944,0.7418011958146475,0.43585949177877487,13053.0
75,3,0.3457324364723471,0.356188340807175,0.3388938714499259,11954.0
75,Micro Avg,0.32487294469357103,0.32487294469357103,0.32487294469357103,42816.0
75,Macro Avg,0.16592675635276483,0.2745590433482808,0.19366218236173355,42816.0
75,weighted avg ,0.20648729446935707,0.32487294469357103,0.23727204783258596,42816.0
Epoch,class,precision,recall,fscore,support
76,0,0.0,0.0,0.0,9632.0
76,1,0.0,0.0,0.0,8423.0
76,2,0.3166224188790567,0.742234513274335,0.43624631268436626,13235.0
76,3,0.34547197640118027,0.3561356932153394,0.33882743362831924,12102.0
76,Micro Avg,0.3250516224188775,0.3250516224188775,0.3250516224188775,43392.0
76,Macro Avg,0.1659144542772856,0.2746460176991148,0.1937315634218286,43392.0
76,weighted avg ,0.20636430678466056,0.3250516224188775,0.23730825958702076,43392.0
Epoch,class,precision,recall,fscore,support
77,0,0.0,0.0,0.0,9759.0
77,1,0.0,0.0,0.0,8536.0
77,2,0.3167467248908304,0.7428093158660831,0.4364701601164488,13414.0
77,3,0.34566957787481833,0.35536390101892307,0.33842794759825395,12259.0
77,Micro Avg,0.325072780203783,0.325072780203783,0.325072780203783,43968.0
77,Macro Avg,0.16598981077146963,0.274592430858806,0.1936972343522559,43968.0
77,weighted avg ,0.20649199417758343,0.325072780203783,0.2372852983988356,43968.0
Epoch,class,precision,recall,fscore,support
78,0,0.0,0.0,0.0,9887.0
78,1,0.0,0.0,0.0,8649.0
78,2,0.316458333333334,0.7425502873563206,0.4361853448275866,13576.0
78,3,0.3461781609195405,0.35566091954023,0.33875718390804666,12432.0
78,Micro Avg,0.32503591954022826,0.32503591954022826,0.32503591954022826,44544.0
78,Macro Avg,0.16603448275862015,0.2746048850574709,0.1936925287356319,44544.0
78,weighted avg ,0.20654454022988472,0.32503591954022826,0.23725574712643693,44544.0
Epoch,class,precision,recall,fscore,support
79,0,0.0,0.0,0.0,10005.0
79,1,0.0,0.0,0.0,8769.0
79,2,0.3166453900709225,0.7423758865248216,0.4363404255319152,13765.0
79,3,0.34626241134751806,0.35568794326241143,0.33884397163120633,12581.0
79,Micro Avg,0.325134751773048,0.325134751773048,0.325134751773048,45120.0
79,Macro Avg,0.16609929078014132,0.27457446808510594,0.19375177304964514,45120.0
79,weighted avg ,0.20663120567375848,0.325134751773048,0.23737588652482297,45120.0
Epoch,class,precision,recall,fscore,support
80,0,0.0,0.0,0.0,10131.0
80,1,0.0,0.0,0.0,8885.0
80,2,0.31691176470588284,0.7431932773109236,0.43673669467787163,13942.0
80,3,0.3464425770308126,0.3558333333333334,0.339005602240897,12738.0
80,Micro Avg,0.3254061624649844,0.3254061624649844,0.3254061624649844,45696.0
80,Macro Avg,0.16619047619047564,0.27481792717086784,0.19389355742296902,45696.0
80,weighted avg ,0.20675770308123217,0.3254061624649844,0.23752801120448194,45696.0
Epoch,class,precision,recall,fscore,support
81,0,0.0,0.0,0.0,10264.0
81,1,0.0,0.0,0.0,8998.0
81,2,0.31694329183955794,0.7431189488243422,0.43679806362379026,14115.0
81,3,0.34673582295988964,0.35644536652835407,0.3395089903181196,12895.0
81,Micro Avg,0.3255117565698461,0.3255117565698461,0.3255117565698461,46272.0
81,Macro Avg,0.16627939142461906,0.2749515905947435,0.19405255878284913,46272.0
81,weighted avg ,0.20674965421853364,0.3255117565698461,0.23760027662517313,46272.0
Epoch,class,precision,recall,fscore,support
82,0,0.0,0.0,0.0,10388.0
82,1,0.0,0.0,0.0,9121.0
82,2,0.3168532423208197,0.7430375426621151,0.4366894197952221,14301.0
82,3,0.3465665529010241,0.35625938566552906,0.3393788395904443,13070.0
82,Micro Avg,0.3254197952218413,0.3254197952218413,0.3254197952218413,46880.0
82,Macro Avg,0.1662320819112622,0.2748941979522178,0.19401365187713307,46880.0
82,weighted avg ,0.20662116040955603,0.3254197952218413,0.2375085324232085,46880.0
Epoch,class,precision,recall,fscore,support
83,0,0.0,0.0,0.0,10501.0
83,1,0.0,0.0,0.0,9237.0
83,2,0.31714767363452523,0.7429265003371537,0.43698583951449776,14494.0
83,3,0.34674308833445744,0.3564868509777477,0.3395549561699264,13224.0
83,Micro Avg,0.32565070802427337,0.32565070802427337,0.32565070802427337,47456.0
83,Macro Avg,0.16635873229939252,0.2749157113958187,0.19413351314902227,47456.0
83,weighted avg ,0.20679028995279808,0.32565070802427337,0.23772757923128818,47456.0
Epoch,class,precision,recall,fscore,support
84,0,0.0,0.0,0.0,10631.0
84,1,0.0,0.0,0.0,9337.0
84,2,0.31692871419054036,0.7421385742838099,0.4366422385076617,14678.0
84,3,0.34618254497002016,0.3559227181878747,0.3390672884743511,13386.0
84,Micro Avg,0.3253297801465671,0.3253297801465671,0.3253297801465671,48032.0
84,Macro Avg,0.1661625582944697,0.2745702864756823,0.19393737508327794,48032.0
84,weighted avg ,0.2065756162558292,0.3253297801465671,0.23752831445702893,48032.0
Epoch,class,precision,recall,fscore,support
85,0,0.0,0.0,0.0,10750.0
85,1,0.0,0.0,0.0,9455.0
85,2,0.31713627386438514,0.7425740618828169,0.43691244239631366,14856.0
85,3,0.34634628044766297,0.35595128373930196,0.3391968400263337,13547.0
85,Micro Avg,0.3255694535878849,0.3255694535878849,0.3255694535878849,48608.0
85,Macro Avg,0.16624753127057207,0.2746807109940746,0.19402896642527995,48608.0
85,weighted avg ,0.20674786043449617,0.3255694535878849,0.2377353522053986,48608.0
Epoch,class,precision,recall,fscore,support
86,0,0.0,0.0,0.0,10876.0
86,1,0.0,0.0,0.0,9577.0
86,2,0.31702016916070336,0.7422316200390363,0.43674040338321435,15029.0
86,3,0.3463760572543917,0.3564216005204944,0.3394599869876388,13702.0
86,Micro Avg,0.32551073519843665,0.32551073519843665,0.32551073519843665,49184.0
86,Macro Avg,0.16621990891346708,0.27471047495120315,0.1940403383214055,49184.0
86,weighted avg ,0.20663630448926462,0.32551073519843665,0.23769030579050132,49184.0
Epoch,class,precision,recall,fscore,support
87,0,0.0,0.0,0.0,11014.0
87,1,0.0,0.0,0.0,9674.0
87,2,0.3170353697749203,0.7414919614147903,0.4366366559485533,15202.0
87,3,0.3467395498392283,0.35735048231511235,0.34015434083601354,13870.0
87,Micro Avg,0.325678456591638,0.325678456591638,0.325678456591638,49760.0
87,Macro Avg,0.16632797427652662,0.27475884244372945,0.1941929260450163,49760.0
87,weighted avg ,0.20678456591639846,0.325678456591638,0.23792282958199387,49760.0
Epoch,class,precision,recall,fscore,support
88,0,0.0,0.0,0.0,11145.0
88,1,0.0,0.0,0.0,9778.0
88,2,0.31727272727272804,0.7415766052129683,0.4368785759694853,15383.0
88,3,0.34685314685314694,0.3577113795295611,0.34041322314049666,14030.0
88,Micro Avg,0.3258486967577858,0.3258486967577858,0.3258486967577858,50336.0
88,Macro Avg,0.1664081373172275,0.27486967577876625,0.1943038779402418,50336.0
88,weighted avg ,0.20687857596948478,0.3258486967577858,0.23807374443738116,50336.0
Epoch,class,precision,recall,fscore,support
89,0,0.0,0.0,0.0,11260.0
89,1,0.0,0.0,0.0,9879.0
89,2,0.31775612822124527,0.7418918918918914,0.4373852922690134,15573.0
89,3,0.3472847265870523,0.3580766813324951,0.34084223758642435,14200.0
89,Micro Avg,0.3263670647391559,0.3263670647391559,0.3263670647391559,50912.0
89,Macro Avg,0.16663104965430472,0.2750408548082962,0.19453802639849177,50912.0
89,weighted avg ,0.20737272155876776,0.3263670647391559,0.2385732243871782,50912.0
Epoch,class,precision,recall,fscore,support
90,0,0.0,0.0,0.0,11386.0
90,1,0.0,0.0,0.0,9982.0
90,2,0.3178185208203861,0.7420633934120566,0.43750776880049724,15750.0
90,3,0.34719080174021144,0.3576569297700433,0.3406650093225614,14370.0
90,Micro Avg,0.32644499689247797,0.32644499689247797,0.32644499689247797,51488.0
90,Macro Avg,0.16661901802361642,0.27496581727781183,0.1945307644499692,51488.0
90,weighted avg ,0.20745183343691698,0.32644499689247797,0.2386699813548791,51488.0
Epoch,class,precision,recall,fscore,support
91,0,0.0,0.0,0.0,11518.0
91,1,0.0,0.0,0.0,10096.0
91,2,0.31782421634910957,0.742470805162876,0.4375660725261218,15919.0
91,3,0.3471727105101416,0.35768899815611527,0.34071296865396516,14531.0
91,Micro Avg,0.32647203441917455,0.32647203441917455,0.32647203441917455,52064.0
91,Macro Avg,0.16660725261216883,0.2750583896742467,0.19456668715427203,52064.0
91,weighted avg ,0.20741856177012877,0.32647203441917455,0.23867854947756637,52064.0
Epoch,class,precision,recall,fscore,support
92,0,0.0,0.0,0.0,11651.0
92,1,0.0,0.0,0.0,10213.0
92,2,0.317787234042554,0.7423708206686926,0.4375319148936171,16095.0
92,3,0.34717325227963547,0.3580790273556228,0.34083282674772103,14681.0
92,Micro Avg,0.32644376899695854,0.32644376899695854,0.32644376899695854,52640.0
92,Macro Avg,0.1665957446808502,0.27513677811550113,0.19459574468085145,52640.0
92,weighted avg ,0.20730091185410307,0.32644376899695854,0.23858966565349576,52640.0
Epoch,class,precision,recall,fscore,support
93,0,0.0,0.0,0.0,11775.0
93,1,0.0,0.0,0.0,10328.0
93,2,0.3178171978352383,0.7422128683102824,0.43754058929645234,16278.0
93,3,0.34687913409500903,0.3577931449188211,0.34057726999398746,14835.0
93,Micro Avg,0.3263740228502687,0.3263740228502687,0.3263740228502687,53216.0
93,Macro Avg,0.16653638003607854,0.2750210463018637,0.19454600120264626,53216.0
93,weighted avg ,0.20717378232110617,0.3263740228502687,0.23850871918220118,53216.0
Epoch,class,precision,recall,fscore,support
94,0,0.0,0.0,0.0,11895.0
94,1,0.0,0.0,0.0,10431.0
94,2,0.3179595478881625,0.7422427126710295,0.43770374776918514,16470.0
94,3,0.34658536585365846,0.35713860797144503,0.3401546698393818,14996.0
94,Micro Avg,0.32641284949434674,0.32641284949434674,0.32641284949434674,53792.0
94,Macro Avg,0.16648423557406225,0.27486615110053497,0.1944794765020825,53792.0
94,weighted avg ,0.20715645449137401,0.32641284949434674,0.2385306365258778,53792.0
Epoch,class,precision,recall,fscore,support
95,0,0.0,0.0,0.0,12016.0
95,1,0.0,0.0,0.0,10544.0
95,2,0.3179988228369637,0.7419128899352566,0.4376574455562098,16655.0
95,3,0.3463978811065332,0.3568569746909942,0.33992937021777575,15153.0
95,Micro Avg,0.32641553855208766,0.32641553855208766,0.32641553855208766,54368.0
95,Macro Avg,0.1664331959976449,0.27471453796350753,0.1944143613890528,54368.0
95,weighted avg ,0.20722189523248952,0.32641553855208766,0.23859917598587438,54368.0
Epoch,class,precision,recall,fscore,support
96,0,0.0,0.0,0.0,12141.0
96,1,0.0,0.0,0.0,10662.0
96,2,0.3176587070471761,0.741852067559698,0.43731508444962164,16820.0
96,3,0.34654047757716927,0.3566161910308674,0.3398078043098433,15321.0
96,Micro Avg,0.32620267909143685,0.32620267909143685,0.32620267909143685,54944.0
96,Macro Avg,0.1663715783343033,0.2746359930110654,0.19430401863715824,54944.0
96,weighted avg ,0.20714036109493286,0.32620267909143685,0.2384041933605129,54944.0
Epoch,class,precision,recall,fscore,support
97,0,0.0,0.0,0.0,12269.0
97,1,0.0,0.0,0.0,10780.0
97,2,0.31753314121037535,0.7424207492795396,0.43726224783861695,16985.0
97,3,0.34643804034582104,0.3562363112391927,0.3395216138328535,15486.0
97,Micro Avg,0.32610374639769274,0.32610374639769274,0.32610374639769274,55520.0
97,Macro Avg,0.16631700288184367,0.2746916426512964,0.1942190201729111,55520.0
97,weighted avg ,0.2071066282420748,0.32610374639769274,0.23828242074927986,55520.0
Epoch,class,precision,recall,fscore,support
98,0,0.0,0.0,0.0,12410.0
98,1,0.0,0.0,0.0,10886.0
98,2,0.31790763968073055,0.7424743443557589,0.43759977194982924,17184.0
98,3,0.3457354618015961,0.355917901938426,0.33900798175598684,15648.0
98,Micro Avg,0.32615735461801415,0.32615735461801415,0.32615735461801415,56128.0
98,Macro Avg,0.16625427594070624,0.27461231470923564,0.19417901938426502,56128.0
98,weighted avg ,0.2070638540478904,0.32615735461801415,0.2383124287343219,56128.0
Epoch,class,precision,recall,fscore,support
99,0,0.0,0.0,0.0,12529.0
99,1,0.0,0.0,0.0,10990.0
99,2,0.31806997742663734,0.7420823927765243,0.43769751693002285,17367.0
99,3,0.3457731376975167,0.3562471783295706,0.33917042889390575,15818.0
99,Micro Avg,0.3263148984198628,0.3263148984198628,0.3263148984198628,56704.0
99,Macro Avg,0.16630361173814828,0.2745880361173811,0.19424943566591477,56704.0
99,weighted avg ,0.20724604966139945,0.3263148984198628,0.23854401805869105,56704.0
Epoch,class,precision,recall,fscore,support
100,0,0.0,0.0,0.0,12664.0
100,1,0.0,0.0,0.0,11094.0
100,2,0.3178156424581012,0.7416648044692746,0.4373966480446929,17534.0
100,3,0.34562011173184337,0.3561005586592175,0.3390837988826823,15988.0
100,Micro Avg,0.3261229050279311,0.3261229050279311,0.3261229050279311,57280.0
100,Macro Avg,0.16620111731843507,0.27444134078212257,0.1941508379888274,57280.0
100,weighted avg ,0.20713407821229043,0.3261229050279311,0.2384245810055869,57280.0
Epoch,class,precision,recall,fscore,support
101,0,0.0,0.0,0.0,12787.0
101,1,0.0,0.0,0.0,11218.0
101,2,0.3177046460176997,0.7414933628318595,0.43726216814159313,17709.0
101,3,0.3453207964601767,0.3559347345132739,0.3388938053097353,16142.0
101,Micro Avg,0.32600663716813966,0.32600663716813966,0.32600663716813966,57856.0
101,Macro Avg,0.16610619469026489,0.2743584070796457,0.19407079646017752,57856.0
101,weighted avg ,0.20694690265486718,0.32600663716813966,0.2382964601769915,57856.0
Epoch,class,precision,recall,fscore,support
102,0,0.0,0.0,0.0,12913.0
102,1,0.0,0.0,0.0,11330.0
102,2,0.31762322015334127,0.7414184008762336,0.43717415115005503,17885.0
102,3,0.34543811610076647,0.3559638554216864,0.33894304490690114,16304.0
102,Micro Avg,0.3260076670317615,0.3260076670317615,0.3260076670317615,58432.0
102,Macro Avg,0.16611171960569487,0.27432639649507085,0.19406900328587134,58432.0
102,weighted avg ,0.20696604600219043,0.3260076670317615,0.23829134720701023,58432.0
Epoch,class,precision,recall,fscore,support
103,0,0.0,0.0,0.0,13040.0
103,1,0.0,0.0,0.0,11434.0
103,2,0.3176030368763563,0.7411876355748386,0.4371203904555317,18066.0
103,3,0.3458188720173533,0.35635574837310163,0.33936008676789675,16468.0
103,Micro Avg,0.3261388286334036,0.3261388286334036,0.3261388286334036,59008.0
103,Macro Avg,0.16621475054229876,0.27438177874186515,0.19415943600867738,59008.0
103,weighted avg ,0.20711496746203892,0.3261388286334036,0.2384598698481565,59008.0
Epoch,class,precision,recall,fscore,support
104,0,0.0,0.0,0.0,13163.0
104,1,0.0,0.0,0.0,11543.0
104,2,0.31771750805585464,0.7412728249194427,0.43723952738990357,18247.0
104,3,0.34583243823845294,0.3562728249194413,0.33933404940923806,16631.0
104,Micro Avg,0.3262191192266359,0.3262191192266359,0.3262191192266359,59584.0
104,Macro Avg,0.1662513426423195,0.27437164339419945,0.19418367346938842,59584.0
104,weighted avg ,0.20716970998925877,0.3262191192266359,0.23852309344790584,59584.0
Epoch,class,precision,recall,fscore,support
105,0,0.0,0.0,0.0,13296.0
105,1,0.0,0.0,0.0,11661.0
105,2,0.31771276595744746,0.7410691489361717,0.4372021276595746,18418.0
105,3,0.3455585106382975,0.3564468085106382,0.3392712765957454,16785.0
105,Micro Avg,0.3261223404255298,0.3261223404255298,0.3261223404255298,60160.0
105,Macro Avg,0.16619148936170164,0.27437234042553166,0.1941542553191496,60160.0
105,weighted avg ,0.20701063829787228,0.3261223404255298,0.2384202127659578,60160.0
Epoch,class,precision,recall,fscore,support
106,0,0.0,0.0,0.0,13409.0
106,1,0.0,0.0,0.0,11777.0
106,2,0.3176501580611175,0.7406638566912556,0.4371022128556377,18593.0
106,3,0.34597997892518395,0.3567017913593255,0.33962592202318315,16957.0
106,Micro Avg,0.3262276080084278,0.3262276080084278,0.3262276080084278,60736.0
106,Macro Avg,0.16627502634351904,0.2743308746048469,0.19421496311907338,60736.0
106,weighted avg ,0.20719178082191766,0.3262276080084278,0.23856691253951565,60736.0
Epoch,class,precision,recall,fscore,support
107,0,0.0,0.0,0.0,13544.0
107,1,0.0,0.0,0.0,11872.0
107,2,0.31768267223382096,0.7403444676409201,0.43707202505219234,18781.0
107,3,0.34553235908141927,0.3561221294363255,0.3391440501043851,17115.0
107,Micro Avg,0.32611169102296234,0.32611169102296234,0.32611169102296234,61312.0
107,Macro Avg,0.16615866388308936,0.27411273486430027,0.19409185803757892,61312.0
107,weighted avg ,0.20712943632567832,0.32611169102296234,0.23850208768267261,61312.0
Epoch,class,precision,recall,fscore,support
108,0,0.0,0.0,0.0,13655.0
108,1,0.0,0.0,0.0,11986.0
108,2,0.3177973112719756,0.7403154084798359,0.43716132368148936,18966.0
108,3,0.34588417786969977,0.35658738366080633,0.3394881075491219,17281.0
108,Micro Avg,0.32632368148913954,0.32632368148913954,0.32632368148913954,61888.0
108,Macro Avg,0.1662926577042395,0.27422957600827247,0.19420889348500586,61888.0
108,weighted avg ,0.20731127197518082,0.32632368148913954,0.2387125129265774,61888.0
Epoch,class,precision,recall,fscore,support
109,0,0.0,0.0,0.0,13784.0
109,1,0.0,0.0,0.0,12097.0
109,2,0.3178329918032791,0.7404969262295095,0.43725922131147565,19142.0
109,3,0.34571209016393417,0.3564395491803275,0.3393954918032796,17441.0
109,Micro Avg,0.3262909836065551,0.3262909836065551,0.3262909836065551,62464.0
109,Macro Avg,0.16625512295081926,0.27425204918032725,0.19421618852459083,62464.0
109,weighted avg ,0.20719774590163917,0.3262909836065551,0.2386372950819676,62464.0
Epoch,class,precision,recall,fscore,support
110,0,0.0,0.0,0.0,13920.0
110,1,0.0,0.0,0.0,12199.0
110,2,0.3180761421319802,0.7404720812182753,0.4374923857868023,19330.0
110,3,0.34562436548223313,0.35682233502538047,0.33954314720812273,17591.0
110,Micro Avg,0.3264619289340078,0.3264619289340078,0.3264619289340078,63040.0
110,Macro Avg,0.16629441624365437,0.2743299492385779,0.19431979695431542,63040.0
110,weighted avg ,0.20722335025380695,0.3264619289340078,0.23875634517766536,63040.0
Epoch,class,precision,recall,fscore,support
111,0,0.0,0.0,0.0,14046.0
111,1,0.0,0.0,0.0,12313.0
111,2,0.31823440643863243,0.7405835010060375,0.4376911468812881,19513.0
111,3,0.34551307847082446,0.35694164989939625,0.33959255533199284,17744.0
111,Micro Avg,0.32654426559355887,0.32654426559355887,0.32654426559355887,63616.0
111,Macro Avg,0.16630784708249452,0.2743913480885304,0.19438128772635888,63616.0
111,weighted avg ,0.20715794768611662,0.32654426559355887,0.23878772635814927,63616.0
Epoch,class,precision,recall,fscore,support
112,0,0.0,0.0,0.0,14178.0
112,1,0.0,0.0,0.0,12431.0
112,2,0.31804586241276234,0.7406580259222346,0.4375024925224332,19679.0
112,3,0.34535393818544313,0.3567647058823528,0.33947657028913353,17904.0
112,Micro Avg,0.3264057826520414,0.3264057826520414,0.3264057826520414,64192.0
112,Macro Avg,0.16622632103688892,0.27436689930209296,0.19431206380857496,64192.0
112,weighted avg ,0.20701894317048844,0.3264057826520414,0.23864406779661052,64192.0
Epoch,class,precision,recall,fscore,support
113,0,0.0,0.0,0.0,14301.0
113,1,0.0,0.0,0.0,12548.0
113,2,0.3180385375494078,0.7411907114624521,0.43759387351778706,19849.0
113,3,0.3456867588932801,0.35658102766798416,0.33949604743083106,18070.0
113,Micro Avg,0.32644268774703317,0.32644268774703317,0.32644268774703317,64768.0
113,Macro Avg,0.16630928853754906,0.2744565217391298,0.19434288537549477,64768.0
113,weighted avg ,0.20708992094861653,0.32644268774703317,0.23864130434782643,64768.0
Epoch,class,precision,recall,fscore,support
114,0,0.0,0.0,0.0,14438.0
114,1,0.0,0.0,0.0,12658.0
114,2,0.31811062163485143,0.7410768477728843,0.43763582966226183,20041.0
114,3,0.34567302985805143,0.35671071953010275,0.3395790504160558,18239.0
114,Micro Avg,0.3265247185511479,0.3265247185511479,0.3265247185511479,65376.0
114,Macro Avg,0.1663289280469894,0.27446891825746383,0.19438081253059286,65376.0
114,weighted avg ,0.2071414586392559,0.3265247185511479,0.2387371512481648,65376.0
Epoch,class,precision,recall,fscore,support
115,0,0.0,0.0,0.0,14563.0
115,1,0.0,0.0,0.0,12769.0
115,2,0.31802523047064596,0.7411499272197978,0.43756428918001006,20215.0
115,3,0.345691411935953,0.3565841824357107,0.33951965065502276,18405.0
115,Micro Avg,0.32653566229985204,0.32653566229985204,0.32653566229985204,65952.0
115,Macro Avg,0.16631246967491473,0.27444929645802946,0.19433284813197532,65952.0
115,weighted avg ,0.20725861232411444,0.32653566229985204,0.23879670063076205,65952.0
Epoch,class,precision,recall,fscore,support
116,0,0.0,0.0,0.0,14698.0
116,1,0.0,0.0,0.0,12880.0
116,2,0.3180759980759987,0.7413708513708529,0.43763828763828794,20392.0
116,3,0.3458393458393454,0.3563876863876863,0.3394853294853305,18558.0
116,Micro Avg,0.32654641654641414,0.32654641654641414,0.32654641654641414,66528.0
116,Macro Avg,0.16635882635882604,0.27446368446368374,0.19434343434343487,66528.0
116,weighted avg ,0.20730639730639727,0.32654641654641414,0.2388263588263591,66528.0
Epoch,class,precision,recall,fscore,support
117,0,0.0,0.0,0.0,14817.0
117,1,0.0,0.0,0.0,12992.0
117,2,0.31809251311397285,0.7411540295660485,0.4376251788268959,20564.0
117,3,0.34623271340009504,0.3568478779208392,0.33984263233190376,18731.0
117,Micro Avg,0.326647591797804,0.326647591797804,0.326647591797804,67104.0
117,Macro Avg,0.1664616118264184,0.274530281354315,0.19443013829279981,67104.0
117,weighted avg ,0.2074582737243681,0.326647591797804,0.23895088221268504,67104.0
Epoch,class,precision,recall,fscore,support
118,0,0.0,0.0,0.0,14957.0
118,1,0.0,0.0,0.0,13102.0
118,2,0.3177730496453906,0.7409408983451555,0.43727186761229353,20728.0
118,3,0.3461749408983448,0.3566193853427895,0.3397494089834524,18893.0
118,Micro Avg,0.3264255319148913,0.3264255319148913,0.3264255319148913,67680.0
118,Macro Avg,0.16635933806146547,0.2744160756501176,0.19433096926714008,67680.0
118,weighted avg ,0.20731442080378243,0.3264255319148913,0.23876122931442106,67680.0
Epoch,class,precision,recall,fscore,support
119,0,0.0,0.0,0.0,15092.0
119,1,0.0,0.0,0.0,13213.0
119,2,0.3176699484294425,0.741223628691985,0.4372433192686362,20897.0
119,3,0.34630098452883223,0.35647913736521325,0.3398030942334748,19054.0
119,Micro Avg,0.32638537271448426,0.32638537271448426,0.32638537271448426,68256.0
119,Macro Avg,0.16637130801687738,0.2744585091420529,0.19433192686357298,68256.0
119,weighted avg ,0.20726207219878096,0.32638537271448426,0.23869667135489947,68256.0
Epoch,class,precision,recall,fscore,support
120,0,0.0,0.0,0.0,15218.0
120,1,0.0,0.0,0.0,13332.0
120,2,0.31764295676429616,0.7412273361227356,0.43723384472338495,21068.0
120,3,0.34622501162250074,0.35660622966062283,0.3398884239888432,19214.0
120,Micro Avg,0.32636913063691064,0.32636913063691064,0.32636913063691064,68832.0
120,Macro Avg,0.1663505346350532,0.27449558344955777,0.1943561134356119,68832.0
120,weighted avg ,0.20716410971641086,0.32636913063691064,0.23866108786610907,68832.0
Epoch,class,precision,recall,fscore,support
121,0,0.0,0.0,0.0,15368.0
121,1,0.0,0.0,0.0,13429.0
121,2,0.31758875057630287,0.7417150760719244,0.4372291378515451,21233.0
121,3,0.3461502996772702,0.35659751037344384,0.33988012909174814,19378.0
121,Micro Avg,0.32633010603964735,0.32633010603964735,0.32633010603964735,69408.0
121,Macro Avg,0.16631627478100483,0.27460580912863014,0.19435223605348145,69408.0
121,weighted avg ,0.2070493314891654,0.32633010603964735,0.2385661595205166,69408.0
Epoch,class,precision,recall,fscore,support
122,0,0.0,0.0,0.0,15492.0
122,1,0.0,0.0,0.0,13543.0
122,2,0.3174851394604486,0.7413305898491102,0.43706904435299554,21410.0
122,3,0.3459579332418834,0.35639231824417,0.33973022405121256,19539.0
122,Micro Avg,0.32617741197987876,0.32617741197987876,0.32617741197987876,69984.0
122,Macro Avg,0.16625057155921333,0.27445358939186043,0.19426154549611402,69984.0
122,weighted avg ,0.20694101508916316,0.32617741197987876,0.23846822130772777,69984.0
Epoch,class,precision,recall,fscore,support
123,0,0.0,0.0,0.0,15618.0
123,1,0.0,0.0,0.0,13650.0
123,2,0.3177233560090708,0.7415283446712035,0.4373560090702955,21598.0
123,3,0.346380952380952,0.3564308390022675,0.33976417233560174,19694.0
123,Micro Avg,0.3264217687074805,0.3264217687074805,0.3264217687074805,70560.0
123,Macro Avg,0.16641269841269826,0.27450793650793587,0.1943537414965992,70560.0
123,weighted avg ,0.20717460317460307,0.3264217687074805,0.2386575963718825,70560.0
Epoch,class,precision,recall,fscore,support
124,0,0.0,0.0,0.0,15752.0
124,1,0.0,0.0,0.0,13772.0
124,2,0.3177013045434104,0.7416284300494843,0.43735492577597906,21767.0
124,3,0.3463562753036434,0.3567656320287898,0.33994152046783727,19845.0
124,Micro Avg,0.32642825011245813,0.32642825011245813,0.32642825011245813,71136.0
124,Macro Avg,0.1664012595591542,0.27461088618983304,0.19439946018893448,71136.0
124,weighted avg ,0.2071030139451191,0.32642825011245813,0.23863697705803025,71136.0
Epoch,class,precision,recall,fscore,support
125,0,0.0,0.0,0.0,15886.0
125,1,0.0,0.0,0.0,13870.0
125,2,0.3174698795180729,0.7412539045069179,0.437023650156181,21936.0
125,3,0.346407853636769,0.35660865684962056,0.3398795180722902,20020.0
125,Micro Avg,0.3262962962962939,0.3262962962962939,0.3262962962962939,71712.0
125,Macro Avg,0.16634984381972326,0.27448014279339517,0.19430611334225847,71712.0
125,weighted avg ,0.20712182061579643,0.3262962962962939,0.23859883980365962,71712.0
Epoch,class,precision,recall,fscore,support
126,0,0.0,0.0,0.0,16025.0
126,1,0.0,0.0,0.0,13983.0
126,2,0.3174856131031435,0.7416733067729099,0.43713590084108084,22112.0
126,3,0.34614431164231935,0.3559938025675077,0.3394953519256319,20168.0
126,Micro Avg,0.3262726870296568,0.3262726870296568,0.3262726870296568,72288.0
126,Macro Avg,0.16627711376715354,0.27443116423196046,0.19424081451969952,72288.0
126,weighted avg ,0.20700309871624606,0.3262726870296568,0.23849933598937634,72288.0
Epoch,class,precision,recall,fscore,support
127,0,0.0,0.0,0.0,16148.0
127,1,0.0,0.0,0.0,14095.0
127,2,0.31735617039964903,0.7417083882301289,0.43700483091787495,22282.0
127,3,0.3463372859025031,0.35577075098814204,0.33946420729029536,20339.0
127,Micro Avg,0.32618796662274685,0.32618796662274685,0.32618796662274685,72864.0
127,Macro Avg,0.16628897672375925,0.274374176548089,0.1942116820377696,72864.0
127,weighted avg ,0.20700043917435212,0.32618796662274685,0.23843653930610512,72864.0
Epoch,class,precision,recall,fscore,support
128,0,0.0,0.0,0.0,16271.0
128,1,0.0,0.0,0.0,14206.0
128,2,0.3174030501089328,0.7414901960784328,0.4369934640522881,22462.0
128,3,0.34618300653594747,0.3555773420479301,0.33933333333333443,20501.0
128,Micro Avg,0.32618736383442026,0.32618736383442026,0.32618736383442026,73440.0
128,Macro Avg,0.16625708061002167,0.27426579520697103,0.19417864923747336,73440.0
128,weighted avg ,0.20703703703703696,0.32618736383442026,0.2384749455337697,73440.0
Epoch,class,precision,recall,fscore,support
129,0,0.0,0.0,0.0,16388.0
129,1,0.0,0.0,0.0,14307.0
129,2,0.31782533506268945,0.7415175097276278,0.4373757025508004,22662.0
129,3,0.3460051880674446,0.35559878945092943,0.3392866407263306,20659.0
129,Micro Avg,0.32642023346303267,0.32642023346303267,0.32642023346303267,74016.0
129,Macro Avg,0.16630782533506258,0.2742671854734105,0.19425853869433696,74016.0
129,weighted avg ,0.2072416774751404,0.32642023346303267,0.23872460008646845,74016.0
Epoch,class,precision,recall,fscore,support
130,0,0.0,0.0,0.0,16526.0
130,1,0.0,0.0,0.0,14423.0
130,2,0.31774013722126954,0.7414193825042893,0.4372684391080623,22841.0
130,3,0.34615351629502555,0.3557718696397941,0.33940823327615893,20834.0
130,Micro Avg,0.3263936535162927,0.3263936535162927,0.3263936535162927,74624.0
130,Macro Avg,0.16632075471698105,0.27427958833619154,0.1942581475128651,74624.0
130,weighted avg ,0.20726415094339615,0.3263936535162927,0.23871355060034377,74624.0
Epoch,class,precision,recall,fscore,support
131,0,0.0,0.0,0.0,16651.0
131,1,0.0,0.0,0.0,14538.0
131,2,0.3177404255319151,0.7415914893617033,0.43732340425531974,23013.0
131,3,0.3463617021276594,0.3560382978723404,0.3395914893617033,20998.0
131,Micro Avg,0.32646808510638065,0.32646808510638065,0.32646808510638065,75200.0
131,Macro Avg,0.1663787234042553,0.2743914893617016,0.1943191489361708,75200.0
131,weighted avg ,0.20731914893617015,0.32646808510638065,0.23876595744680928,75200.0
Epoch,class,precision,recall,fscore,support
132,0,0.0,0.0,0.0,16776.0
132,1,0.0,0.0,0.0,14650.0
132,2,0.31786317567567596,0.7419172297297308,0.4374831081081086,23193.0
132,3,0.3463724662162162,0.3559206081081081,0.3394763513513525,21157.0
132,Micro Avg,0.3265413851351328,0.3265413851351328,0.3265413851351328,75776.0
132,Macro Avg,0.1664146959459459,0.27442989864864814,0.19432854729729787,75776.0
132,weighted avg ,0.2073775337837838,0.3265413851351328,0.23880067567567645,75776.0
Epoch,class,precision,recall,fscore,support
133,0,0.0,0.0,0.0,16908.0
133,1,0.0,0.0,0.0,14765.0
133,2,0.3177996647108133,0.7418440905280816,0.43740989103101474,23369.0
133,3,0.3462279966471081,0.35584660519698236,0.3393713327745191,21310.0
133,Micro Avg,0.32643336127409667,0.32643336127409667,0.32643336127409667,76352.0
133,Macro Avg,0.1663537300922045,0.27439647946353685,0.1942833193629511,76352.0
133,weighted avg ,0.20726739312657166,0.32643336127409667,0.23869656328583477,76352.0
Epoch,class,precision,recall,fscore,support
134,0,0.0,0.0,0.0,17034.0
134,1,0.0,0.0,0.0,14877.0
134,2,0.3177412645590685,0.7420174708818649,0.43736272878535815,23534.0
134,3,0.34668469217970055,0.3560316139767054,0.3395881863560742,21483.0
134,Micro Avg,0.3264891846921775,0.3264891846921775,0.3264891846921775,76928.0
134,Macro Avg,0.16645590682196335,0.2744883527454238,0.1943261231281204,76928.0
134,weighted avg ,0.20745840266222962,0.3264891846921775,0.23877703826955146,76928.0
Epoch,class,precision,recall,fscore,support
135,0,0.0,0.0,0.0,17169.0
135,1,0.0,0.0,0.0,14983.0
135,2,0.3179273327828243,0.7422254335260129,0.437580511973576,23716.0
135,3,0.34646160198183323,0.3559950454170106,0.3394384805945509,21636.0
135,Micro Avg,0.3265524360033008,0.3265524360033008,0.3265524360033008,77504.0
135,Macro Avg,0.16644508670520225,0.27453344343517705,0.19435177539223844,77504.0
135,weighted avg ,0.20746903385631715,0.3265524360033008,0.23881502890173478,77504.0
Epoch,class,precision,recall,fscore,support
136,0,0.0,0.0,0.0,17294.0
136,1,0.0,0.0,0.0,15104.0
136,2,0.31778688524590176,0.7419754098360671,0.4374180327868858,23892.0
136,3,0.3464590163934426,0.35590983606557375,0.33938524590164026,21790.0
136,Micro Avg,0.32645491803278465,0.32645491803278465,0.32645491803278465,78080.0
136,Macro Avg,0.16640983606557372,0.27445081967213075,0.19430737704918094,78080.0
136,weighted avg ,0.20739344262295084,0.32645491803278465,0.2387213114754105,78080.0
Epoch,class,precision,recall,fscore,support
137,0,0.0,0.0,0.0,17423.0
137,1,0.0,0.0,0.0,15227.0
137,2,0.31772579332790896,0.7419080553295379,0.4373352318958508,24060.0
137,3,0.34656224572823435,0.35618388934092754,0.33958502847843863,21946.0
137,Micro Avg,0.3264279902359619,0.3264279902359619,0.3264279902359619,78656.0
137,Macro Avg,0.1664157851912123,0.2745036615134252,0.19433279088690053,78656.0
137,weighted avg ,0.20733523189585032,0.3264279902359619,0.23869812855980538,78656.0
Epoch,class,precision,recall,fscore,support
138,0,0.0,0.0,0.0,17552.0
138,1,0.0,0.0,0.0,15339.0
138,2,0.31762116316639744,0.7416599353796463,0.4372051696284336,24237.0
138,3,0.346126817447496,0.3557350565428109,0.3391882067851382,22104.0
138,Micro Avg,0.3262681744749574,0.3262681744749574,0.3262681744749574,79232.0
138,Macro Avg,0.1662802907915993,0.27433360258481376,0.19420436187399093,79232.0
138,weighted avg ,0.20715670436187397,0.3262681744749574,0.2385379644588052,79232.0
Epoch,class,precision,recall,fscore,support
139,0,0.0,0.0,0.0,17678.0
139,1,0.0,0.0,0.0,15451.0
139,2,0.3176343223736969,0.741880513231758,0.4372734562951089,24412.0
139,3,0.34616680032076996,0.3554971932638331,0.33911387329591103,22267.0
139,Micro Avg,0.32629109863672584,0.32629109863672584,0.32629109863672584,79808.0
139,Macro Avg,0.1662910986367281,0.2743263833199674,0.19419807538091483,79808.0
139,weighted avg ,0.20717321571772251,0.32629109863672584,0.23854851643945535,79808.0
Epoch,class,precision,recall,fscore,support
140,0,0.0,0.0,0.0,17793.0
140,1,0.0,0.0,0.0,15560.0
140,2,0.3176751592356688,0.741811305732486,0.43732085987261216,24585.0
140,3,0.34597133757961784,0.35524681528662405,0.3389331210191092,22414.0
140,Micro Avg,0.3262420382165583,0.3262420382165583,0.3262420382165583,80352.0
140,Macro Avg,0.16625398089171972,0.2742476114649676,0.1941640127388541,80352.0
140,weighted avg ,0.20710589171974514,0.3262420382165583,0.23851114649681596,80352.0
Epoch,class,precision,recall,fscore,support
141,0,0.0,0.0,0.0,17900.0
141,1,0.0,0.0,0.0,15671.0
141,2,0.31766798418972336,0.741679841897235,0.43731225296442755,24757.0
141,3,0.34575889328063236,0.35490118577075086,0.33866007905138434,22568.0
141,Micro Avg,0.32618972332015583,0.32618972332015583,0.32618972332015583,80896.0
141,Macro Avg,0.16619762845849798,0.27413043478260823,0.19409090909090976,80896.0
141,weighted avg ,0.2070711462450592,0.32618972332015583,0.23847826086956586,80896.0
Epoch,class,precision,recall,fscore,support
142,0,0.0,0.0,0.0,18028.0
142,1,0.0,0.0,0.0,15788.0
142,2,0.3177354788069074,0.7418092621664069,0.43741365777080143,24936.0
142,3,0.34567111459968597,0.3548390894819466,0.33859890109890206,22720.0
142,Micro Avg,0.32622448979591606,0.32622448979591606,0.32622448979591606,81472.0
142,Macro Avg,0.16619309262166398,0.2741522762951329,0.19410125588697083,81472.0
142,weighted avg ,0.2070604395604394,0.32622448979591606,0.2384850863422298,81472.0
Epoch,class,precision,recall,fscore,support
143,0,0.0,0.0,0.0,18144.0
143,1,0.0,0.0,0.0,15897.0
143,2,0.3178565861262666,0.7418823070927534,0.43752533125487203,25122.0
143,3,0.3457833203429461,0.35490257209664855,0.33869446609509046,22885.0
143,Micro Avg,0.3263367108339805,0.3263367108339805,0.3263367108339805,82048.0
143,Macro Avg,0.16625876851130156,0.2741777084957126,0.19415822291504356,82048.0
143,weighted avg ,0.20719797349961014,0.3263367108339805,0.23860093530787288,82048.0
Epoch,class,precision,recall,fscore,support
144,0,0.0,0.0,0.0,18272.0
144,1,0.0,0.0,0.0,16014.0
144,2,0.3177399380804955,0.741799535603717,0.43736842105263224,25293.0
144,3,0.3457701238390093,0.35494195046439636,0.33870743034055806,23045.0
144,Micro Avg,0.32624226006191714,0.32624226006191714,0.32624226006191714,82624.0
144,Macro Avg,0.1662345201238389,0.27416795665634613,0.1941253869969047,82624.0
144,weighted avg ,0.20714396284829711,0.32624226006191714,0.23854102167182734,82624.0
Epoch,class,precision,recall,fscore,support
145,0,0.0,0.0,0.0,18410.0
145,1,0.0,0.0,0.0,16123.0
145,2,0.31772482705611077,0.7418908531898557,0.43737125288239886,25465.0
145,3,0.34568793235972334,0.35500768639508085,0.33873558800922443,23202.0
145,Micro Avg,0.3262182936202898,0.3262182936202898,0.3262182936202898,83200.0
145,Macro Avg,0.16621829362029203,0.2742083013066865,0.19411990776325977,83200.0
145,weighted avg ,0.20705226748654873,0.3262182936202898,0.23848962336664178,83200.0
Epoch,class,precision,recall,fscore,support
146,0,0.0,0.0,0.0,18548.0
146,1,0.0,0.0,0.0,16257.0
146,2,0.3175963372758491,0.7422167111789413,0.43731018695154594,25633.0
146,3,0.34550934757726065,0.3548149561236171,0.33857306371613966,23370.0
146,Micro Avg,0.32609309423883787,0.32609309423883787,0.32609309423883787,83808.0
146,Macro Avg,0.16613506295307132,0.27423120946203666,0.1940633346051133,83808.0
146,weighted avg ,0.20687905379626084,0.32609309423883787,0.23831743609309494,83808.0
Epoch,class,precision,recall,fscore,support
147,0,0.0,0.0,0.0,18679.0
147,1,0.0,0.0,0.0,16374.0
147,2,0.3174308450170522,0.7421750663129995,0.43716938234179686,25802.0
147,3,0.3453770367563472,0.3546267525577871,0.33842364532019775,23529.0
147,Micro Avg,0.3259530125047344,0.3259530125047344,0.3259530125047344,84384.0
147,Macro Avg,0.16605532398635844,0.2741758241758234,0.19398635846911788,84384.0
147,weighted avg ,0.20671087533156485,0.3259530125047344,0.23815081470253954,84384.0
Epoch,class,precision,recall,fscore,support
148,0,0.0,0.0,0.0,18808.0
148,1,0.0,0.0,0.0,16475.0
148,2,0.31742566804666944,0.7419269853217935,0.437143394806173,25979.0
148,3,0.3453406097101996,0.35473842679713974,0.33846066992849144,23698.0
148,Micro Avg,0.3259766654121167,0.3259766654121167,0.3259766654121167,84960.0
148,Macro Avg,0.1660444109898381,0.2741437711704923,0.19399322544222883,84960.0
148,weighted avg ,0.206725630410237,0.3259766654121167,0.23818216033120135,84960.0
Epoch,class,precision,recall,fscore,support
149,0,0.0,0.0,0.0,18943.0
149,1,0.0,0.0,0.0,16592.0
149,2,0.3173308411214957,0.7415663551401889,0.436998130841122,26151.0
149,3,0.3450542056074766,0.35474766355140197,0.3383289719626175,23850.0
149,Micro Avg,0.3258355140186894,0.3258355140186894,0.3258355140186894,85536.0
149,Macro Avg,0.16594392523364482,0.27405981308411137,0.1939177570093465,85536.0
149,weighted avg ,0.20657570093457928,0.3258355140186894,0.23807102803738384,85536.0
Epoch,class,precision,recall,fscore,support
150,0,0.0,0.0,0.0,19059.0
150,1,0.0,0.0,0.0,16716.0
150,2,0.31737467508355033,0.7416709988860029,0.43701448199034604,26332.0
150,3,0.34474563683624215,0.3543965837356109,0.3379539546973642,24005.0
150,Micro Avg,0.32576680282212933,0.32576680282212933,0.32576680282212933,86112.0
150,Macro Avg,0.16587820274786477,0.2739955440029698,0.19383587077608683,86112.0
150,weighted avg ,0.20655402896398062,0.32576680282212933,0.238024507983662,86112.0
Epoch,class,precision,recall,fscore,support
151,0,0.0,0.0,0.0,19185.0
151,1,0.0,0.0,0.0,16838.0
151,2,0.31719660641829617,0.7416894135005555,0.436849870896349,26495.0
151,3,0.3446587974917004,0.354090741423829,0.337790483216526,24170.0
151,Micro Avg,0.32561416451493697,0.32561416451493697,0.32561416451493697,86688.0
151,Macro Avg,0.1658059756547399,0.2739284396901504,0.19375138325341268,86688.0
151,weighted avg ,0.20642567318332705,0.32561416451493697,0.23788270011066093,86688.0
Epoch,class,precision,recall,fscore,support
152,0,0.0,0.0,0.0,19310.0
152,1,0.0,0.0,0.0,16956.0
152,2,0.31705753023085415,0.7417882008061583,0.4367277390985719,26662.0
152,3,0.34466837669475997,0.35366801026016875,0.3376181751557354,24336.0
152,Micro Avg,0.3255001832172935,0.3255001832172935,0.3255001832172935,87264.0
152,Macro Avg,0.1657750091608647,0.2738438988640519,0.19368266764382627,87264.0
152,weighted avg ,0.2063613045071453,0.3255001832172935,0.23778673506779102,87264.0
Epoch,class,precision,recall,fscore,support
153,0,0.0,0.0,0.0,19451.0
153,1,0.0,0.0,0.0,17062.0
153,2,0.3168875136512562,0.7415689843465622,0.4365344011649084,26826.0
153,3,0.34431379686931196,0.35337823079723346,0.33735347651984043,24501.0
153,Micro Avg,0.3253039679650506,0.3253039679650506,0.3253039679650506,87840.0
153,Macro Avg,0.1656497997815798,0.27371678194393795,0.19356752821259626,87840.0
153,weighted avg ,0.2061776483436475,0.3253039679650506,0.2376155806334188,87840.0
Epoch,class,precision,recall,fscore,support
154,0,0.0,0.0,0.0,19571.0
154,1,0.0,0.0,0.0,17182.0
154,2,0.31682459312839084,0.7414249547920455,0.43644122965642074,27002.0
154,3,0.34429656419529836,0.35333453887884275,0.33732368896925913,24661.0
154,Micro Avg,0.32522965641952767,0.32522965641952767,0.32522965641952767,88416.0
154,Macro Avg,0.16563110307414095,0.2736708860759484,0.193533453887885,88416.0
154,weighted avg ,0.20616274864376122,0.32522965641952767,0.23757323688969312,88416.0
Epoch,class,precision,recall,fscore,support
155,0,0.0,0.0,0.0,19705.0
155,1,0.0,0.0,0.0,17299.0
155,2,0.3165397053539349,0.741293568091989,0.43614444843693967,27159.0
155,3,0.34426518145885726,0.3531943945382681,0.337251167804528,24829.0
155,Micro Avg,0.3250377290693474,0.3250377290693474,0.3250377290693474,88992.0
155,Macro Avg,0.16555156306144433,0.273596837944663,0.19343873517786636,88992.0
155,weighted avg ,0.20599712540423984,0.3250377290693474,0.2373769313690268,88992.0
Epoch,class,precision,recall,fscore,support
156,0,0.0,0.0,0.0,19818.0
156,1,0.0,0.0,0.0,17420.0
156,2,0.3166761870760445,0.7414102106390597,0.43630489111031884,27332.0
156,3,0.34453052481256685,0.3535273116744021,0.3376044269903611,24998.0
156,Micro Avg,0.32524098536236834,0.32524098536236834,0.32524098536236834,89568.0
156,Macro Avg,0.1656515530167796,0.2737022491967144,0.19355944305605216,89568.0
156,weighted avg ,0.20614780435558716,0.32524098536236834,0.23757943591574496,89568.0
Epoch,class,precision,recall,fscore,support
157,0,0.0,0.0,0.0,19935.0
157,1,0.0,0.0,0.0,17527.0
157,2,0.31679673643135897,0.7414331323164265,0.4364100744945026,27520.0
157,3,0.3446541326711599,0.3535012415750267,0.3377084072366092,25162.0
157,Micro Avg,0.32534586732883786,0.32534586732883786,0.32534586732883786,90144.0
157,Macro Avg,0.16570415040794598,0.2737034409365013,0.1936076622915935,90144.0
157,weighted avg ,0.20625044341965224,0.32534586732883786,0.2376977651649527,90144.0
Epoch,class,precision,recall,fscore,support
158,0,0.0,0.0,0.0,20066.0
158,1,0.0,0.0,0.0,17643.0
158,2,0.3168276348255203,0.7413006697215392,0.4364222770532262,27702.0
158,3,0.3445541064504757,0.35368346845259085,0.3377476207261196,25309.0
158,Micro Avg,0.3253507225942876,0.3253507225942876,0.3253507225942876,90720.0
158,Macro Avg,0.16569263306309476,0.27371519210433454,0.19362354599929577,90720.0
158,weighted avg ,0.2062002114910115,0.3253507225942876,0.23768769827282402,90720.0
Epoch,class,precision,recall,fscore,support
159,0,0.0,0.0,0.0,20194.0
159,1,0.0,0.0,0.0,17757.0
159,2,0.3167250437828375,0.7411978984238203,0.4363047285464108,27871.0
159,3,0.34443432574430805,0.3537373029772331,0.3377267950963227,25474.0
159,Micro Avg,0.3252539404553394,0.3252539404553394,0.3252539404553394,91296.0
159,Macro Avg,0.16563922942206652,0.27370577933449985,0.1935901926444841,91296.0
159,weighted avg ,0.20608756567425562,0.3252539404553394,0.2375936952714542,91296.0
Epoch,class,precision,recall,fscore,support
160,0,0.0,0.0,0.0,20308.0
160,1,0.0,0.0,0.0,17872.0
160,2,0.31694048033414585,0.7413435433344961,0.4365367211973555,28057.0
160,3,0.34472676644622335,0.3540480334145494,0.33803341454925223,25635.0
160,Micro Avg,0.3254925165332385,0.3254925165332385,0.3254925165332385,91872.0
160,Macro Avg,0.1657640097459102,0.2738217890706569,0.19372432996867464,91872.0
160,weighted avg ,0.2062930734423947,0.3254925165332385,0.23782805429864312,91872.0
Epoch,class,precision,recall,fscore,support
161,0,0.0,0.0,0.0,20424.0
161,1,0.0,0.0,0.0,17982.0
161,2,0.3169283984780357,0.7412556208924274,0.4365306122448988,28232.0
161,3,0.344967139398132,0.35421307506053273,0.33824628156347347,25810.0
161,Micro Avg,0.3255551712210288,0.3255551712210288,0.3255551712210288,92448.0
161,Macro Avg,0.16582151504669668,0.27384641992390074,0.19378415773088992,92448.0
161,weighted avg ,0.20637495676236597,0.3255551712210288,0.2379107575233489,92448.0
Epoch,class,precision,recall,fscore,support
162,0,0.0,0.0,0.0,20548.0
162,1,0.0,0.0,0.0,18096.0
162,2,0.31706185567010353,0.741398625429556,0.43667353951890103,28428.0
162,3,0.34497250859106515,0.3541271477663231,0.33817525773195944,25984.0
162,Micro Avg,0.3256426116838468,0.3256426116838468,0.3256426116838468,93056.0
162,Macro Avg,0.165852233676976,0.27386254295532547,0.1938006872852243,93056.0
162,weighted avg ,0.2064776632302406,0.3256426116838468,0.2379862542955332,93056.0
Epoch,class,precision,recall,fscore,support
163,0,0.0,0.0,0.0,20666.0
163,1,0.0,0.0,0.0,18205.0
163,2,0.31724726775956325,0.7414310109289648,0.4368545081967222,28621.0
163,3,0.34478825136612007,0.353985655737705,0.33802595628415366,26140.0
163,Micro Avg,0.3257445355191236,0.3257445355191236,0.3257445355191236,93632.0
163,Macro Avg,0.16585724043715855,0.2738319672131137,0.19380464480874407,93632.0
163,weighted avg ,0.20651980874316947,0.3257445355191236,0.23807035519125738,93632.0
Epoch,class,precision,recall,fscore,support
164,0,0.0,0.0,0.0,20807.0
164,1,0.0,0.0,0.0,18318.0
164,2,0.3171826205023765,0.7415852002715579,0.4368194161575026,28787.0
164,3,0.34469789545145946,0.3538968092328584,0.3379667345553299,26296.0
164,Micro Avg,0.32569925322470933,0.32569925322470933,0.32569925322470933,94208.0
164,Macro Avg,0.1658180583842499,0.27384928716904167,0.19378139850645032,94208.0
164,weighted avg ,0.20644942294636798,0.32569925322470933,0.2380108621860155,94208.0
Epoch,class,precision,recall,fscore,support
165,0,0.0,0.0,0.0,20935.0
165,1,0.0,0.0,0.0,18431.0
165,2,0.3172739541160598,0.7416464237516902,0.4369331983805677,28963.0
165,3,0.34487516869095797,0.3541734143049936,0.3382051282051288,26455.0
165,Micro Avg,0.3258164642375147,0.3258164642375147,0.3258164642375147,94784.0
165,Macro Avg,0.16588731443994614,0.27393049932523506,0.1938697705802978,94784.0
165,weighted avg ,0.20651484480431861,0.3258164642375147,0.23811403508771983,94784.0
Epoch,class,precision,recall,fscore,support
166,0,0.0,0.0,0.0,21059.0
166,1,0.0,0.0,0.0,18544.0
166,2,0.3172702883970493,0.7416867873910165,0.4369349429912819,29139.0
166,3,0.34497652582159605,0.35427565392354166,0.33832327297116094,26618.0
166,Micro Avg,0.3258618376928214,0.3258618376928214,0.3258618376928214,95360.0
166,Macro Avg,0.16590543259557355,0.27396042924211833,0.19389671361502436,95360.0
166,weighted avg ,0.20655264922870561,0.3258618376928214,0.23815560026827684,95360.0
Epoch,class,precision,recall,fscore,support
167,0,0.0,0.0,0.0,21192.0
167,1,0.0,0.0,0.0,18656.0
167,2,0.31733000000000033,0.7418766666666703,0.43701333333333425,29313.0
167,3,0.3448999999999999,0.35429000000000027,0.3382566666666673,26775.0
167,Micro Avg,0.3258633333333311,0.3258633333333311,0.3258633333333311,95936.0
167,Macro Avg,0.16589666666666675,0.274009999999999,0.1939066666666676,95936.0
167,weighted avg ,0.2065033333333334,0.3258633333333311,0.23812000000000041,95936.0
Epoch,class,precision,recall,fscore,support
168,0,0.0,0.0,0.0,21314.0
168,1,0.0,0.0,0.0,18780.0
168,2,0.3173624917163688,0.7420675944334036,0.43706096752816526,29489.0
168,3,0.3448277004638832,0.35426772697150455,0.3381477799867468,26929.0
168,Micro Avg,0.3258449304174928,0.3258449304174928,0.3258449304174928,96512.0
168,Macro Avg,0.1658780649436714,0.2740523525513575,0.19388999337309573,96512.0
168,weighted avg ,0.20647448641484434,0.3258449304174928,0.2380715705765411,96512.0
Epoch,class,precision,recall,fscore,support
169,0,0.0,0.0,0.0,21449.0
169,1,0.0,0.0,0.0,18898.0
169,2,0.3172990777338606,0.7419532279314929,0.43699934123847256,29664.0
169,3,0.34443017127799724,0.3538735177865616,0.3377733860342562,27077.0
169,Micro Avg,0.3256982872200241,0.3256982872200241,0.3256982872200241,97088.0
169,Macro Avg,0.16575757575757583,0.2739196310935431,0.19378129117259651,97088.0
169,weighted avg ,0.20628458498023725,0.3256982872200241,0.2379084321475629,97088.0
Epoch,class,precision,recall,fscore,support
170,0,0.0,0.0,0.0,21586.0
170,1,0.0,0.0,0.0,19006.0
170,2,0.31731827111984306,0.7420366732154594,0.4370530451866413,29838.0
170,3,0.344312377210216,0.35380812049770816,0.33766208251473545,27234.0
170,Micro Avg,0.32568762278978175,0.32568762278978175,0.32568762278978175,97664.0
170,Macro Avg,0.16572691552062876,0.27392599869024126,0.19376555337262708,97664.0
170,weighted avg ,0.206231172233137,0.32568762278978175,0.2378749181401444,97664.0
Epoch,class,precision,recall,fscore,support
171,0,0.0,0.0,0.0,21711.0
171,1,0.0,0.0,0.0,19120.0
171,2,0.31724934895833357,0.7417643229166709,0.4369238281250007,30012.0
171,3,0.3443587239583332,0.35416341145833347,0.3378580729166673,27397.0
171,Micro Avg,0.3256673177083312,0.3256673177083312,0.3256673177083312,98240.0
171,Macro Avg,0.1657259114583334,0.2739518229166657,0.19378255208333428,98240.0
171,weighted avg ,0.20621744791666674,0.3256673177083312,0.23787434895833368,98240.0
Epoch,class,precision,recall,fscore,support
172,0,0.0,0.0,0.0,21840.0
172,1,0.0,0.0,0.0,19225.0
172,2,0.3172718446601944,0.7417508090614927,0.4369385113268614,30197.0
172,3,0.34411003236245946,0.35390938511326875,0.33765695792880324,27554.0
172,Micro Avg,0.3256472491909363,0.3256472491909363,0.3256472491909363,98816.0
172,Macro Avg,0.16566990291262138,0.27388025889967543,0.19373462783171613,98816.0
172,weighted avg ,0.20615533980582534,0.3256472491909363,0.2378478964401298,98816.0
Epoch,class,precision,recall,fscore,support
173,0,0.0,0.0,0.0,21970.0
173,1,0.0,0.0,0.0,19339.0
173,2,0.3172458172458175,0.7419723294723335,0.43695945945946,30364.0
173,3,0.343957528957529,0.3535231660231662,0.3374034749034755,27719.0
173,Micro Avg,0.32559202059201836,0.32559202059201836,0.32559202059201836,99392.0
173,Macro Avg,0.1656241956241957,0.27383848133848043,0.19368725868725967,99392.0
173,weighted avg ,0.20612934362934376,0.32559202059201836,0.23779279279279322,99392.0
Epoch,class,precision,recall,fscore,support
174,0,0.0,0.0,0.0,22083.0
174,1,0.0,0.0,0.0,19458.0
174,2,0.31722968650032013,0.7417658349328254,0.4369097888675628,30546.0
174,3,0.3438355726167628,0.3533621241202816,0.33728726807421683,27881.0
174,Micro Avg,0.3255822136916165,0.3255822136916165,0.3255822136916165,99968.0
174,Macro Avg,0.16559500959692905,0.27374920025591715,0.19364683301343666,99968.0
174,weighted avg ,0.2061516314779272,0.3255822136916165,0.23781509916826657,99968.0
Epoch,class,precision,recall,fscore,support
175,0,0.0,0.0,0.0,22218.0
175,1,0.0,0.0,0.0,19572.0
175,2,0.31731552162849896,0.7417270992366454,0.43698791348600546,30730.0
175,3,0.34373727735368964,0.35352735368956745,0.3373155216284994,28024.0
175,Micro Avg,0.3256202290076313,0.3256202290076313,0.3256202290076313,100544.0
175,Macro Avg,0.16559478371501268,0.2737818066157751,0.19367366412213832,100544.0
175,weighted avg ,0.206113231552163,0.3256202290076313,0.23782124681933886,100544.0
Epoch,class,precision,recall,fscore,support
176,0,0.0,0.0,0.0,22340.0
176,1,0.0,0.0,0.0,19682.0
176,2,0.31732447817836845,0.741533839342193,0.43697975964579433,30912.0
176,3,0.34345034788108797,0.3533396584440227,0.3370967741935492,28186.0
176,Micro Avg,0.32557874762808126,0.32557874762808126,0.32557874762808126,101120.0
176,Macro Avg,0.16552182163187856,0.2736907020872856,0.19361480075901413,101120.0
176,weighted avg ,0.2060626185958255,0.32557874762808126,0.2377988614800763,101120.0
Epoch,class,precision,recall,fscore,support
177,0,0.0,0.0,0.0,22480.0
177,1,0.0,0.0,0.0,19784.0
177,2,0.317418238993711,0.74173270440252,0.4370911949685539,31082.0
177,3,0.34322012578616357,0.35326729559748415,0.33693396226415173,28350.0
177,Micro Avg,0.3255849056603752,0.3255849056603752,0.3255849056603752,101696.0
177,Macro Avg,0.16549056603773588,0.27372327044025063,0.1936069182389945,101696.0
177,weighted avg ,0.20602830188679255,0.3255849056603752,0.23778301886792494,101696.0
Epoch,class,precision,recall,fscore,support
178,0,0.0,0.0,0.0,22615.0
178,1,0.0,0.0,0.0,19894.0
178,2,0.31738355736167584,0.7417505470459561,0.43705532979055994,31264.0
178,3,0.34346983432322614,0.3534198186933414,0.3371491090965935,28531.0
178,Micro Avg,0.32563301031572167,0.32563301031572167,0.32563301031572167,102304.0
178,Macro Avg,0.1655392310096906,0.27376367614879554,0.1936573929352931,102304.0
178,weighted avg ,0.20610190684588942,0.32563301031572167,0.23784307596123833,102304.0
Epoch,class,precision,recall,fscore,support
179,0,0.0,0.0,0.0,22744.0
179,1,0.0,0.0,0.0,20011.0
179,2,0.31727696611750106,0.7416692570718102,0.43692570718060353,31430.0
179,3,0.3434877214796396,0.35347528753497015,0.3371930369909862,28695.0
179,Micro Avg,0.32556729872551887,0.32556729872551887,0.32556729872551887,102880.0
179,Macro Avg,0.16551756294684503,0.2737519428038535,0.19363071184333314,102880.0
179,weighted avg ,0.20605843953994415,0.32556729872551887,0.23779297482126244,102880.0
Epoch,class,precision,recall,fscore,support
180,0,0.0,0.0,0.0,22867.0
180,1,0.0,0.0,0.0,20128.0
180,2,0.3173075734157654,0.7415919629057232,0.43695208655332335,31613.0
180,3,0.34333848531684735,0.353344667697063,0.3370448222565696,28848.0
180,Micro Avg,0.32554250386398603,0.32554250386398603,0.32554250386398603,103456.0
180,Macro Avg,0.16549304482225677,0.27370015455950436,0.19360123647604408,103456.0
180,weighted avg ,0.2060092735703247,0.32554250386398603,0.2377588871715615,103456.0
Epoch,class,precision,recall,fscore,support
181,0,0.0,0.0,0.0,22981.0
181,1,0.0,0.0,0.0,20238.0
181,2,0.31716261912081184,0.7415216723024945,0.4368090992929606,31775.0
181,3,0.34319090070704006,0.35295112204119233,0.3367875806947442,29006.0
181,Micro Avg,0.3254042422379327,0.3254042422379327,0.3254042422379327,104000.0
181,Macro Avg,0.1654257608361515,0.27358745773132387,0.19349523516753847,104000.0
181,weighted avg ,0.2059329849369814,0.3254042422379327,0.23764525053796542,104000.0
Epoch,class,precision,recall,fscore,support
182,0,0.0,0.0,0.0,23101.0
182,1,0.0,0.0,0.0,20353.0
182,2,0.31712014674411515,0.7413726689085953,0.4367349434423727,31944.0
182,3,0.3433323142769799,0.353139712626108,0.3369734026291663,29178.0
182,Micro Avg,0.3254295322531321,0.3254295322531321,0.3254295322531321,104576.0
182,Macro Avg,0.1654448180984411,0.2735952308162631,0.19352491592785165,104576.0
182,weighted avg ,0.2060042800366861,0.3254295322531321,0.23771018037297506,104576.0
Epoch,class,precision,recall,fscore,support
183,0,0.0,0.0,0.0,23239.0
183,1,0.0,0.0,0.0,20461.0
183,2,0.3171267862572215,0.7415810276679887,0.4367649741562787,32108.0
183,3,0.34340224992398954,0.35335360291882006,0.3371237458193988,29344.0
183,Micro Avg,0.3254667072058362,0.3254667072058362,0.3254667072058362,105152.0
183,Macro Avg,0.16545758589236872,0.2737002128306466,0.19356947400425747,105152.0
183,weighted avg ,0.20600486470051693,0.3254667072058362,0.23772575250836162,105152.0
Epoch,class,precision,recall,fscore,support
184,0,0.0,0.0,0.0,23369.0
184,1,0.0,0.0,0.0,20583.0
184,2,0.3170638040520113,0.7417084971273105,0.4367372240701545,32272.0
184,3,0.3434593286967043,0.3534774720290291,0.33722709404294005,29504.0
184,Micro Avg,0.325433928031447,0.325433928031447,0.325433928031447,105728.0
184,Macro Avg,0.1654550952524949,0.2737677653462343,0.19358633202298242,105728.0
184,weighted avg ,0.20593286967039612,0.325433928031447,0.2376716056849112,105728.0
Epoch,class,precision,recall,fscore,support
185,0,0.0,0.0,0.0,23489.0
185,1,0.0,0.0,0.0,20694.0
185,2,0.3171488721804515,0.7417503759398545,0.4368390977443612,32458.0
185,3,0.3431488721804515,0.3531488721804509,0.3369022556390986,29663.0
185,Micro Avg,0.3253984962406,0.3253984962406,0.3253984962406,106304.0
185,Macro Avg,0.16539849624060166,0.27369624060150277,0.1935218045112791,106304.0
185,weighted avg ,0.20585263157894731,0.3253984962406,0.23760902255639135,106304.0
Epoch,class,precision,recall,fscore,support
186,0,0.0,0.0,0.0,23610.0
186,1,0.0,0.0,0.0,20816.0
186,2,0.31706251869578267,0.7416900987137351,0.4367514208794499,32629.0
186,3,0.3433263535746338,0.35310200418785503,0.3369608136404435,29825.0
186,Micro Avg,0.32535447203110823,0.32535447203110823,0.32535447203110823,106880.0
186,Macro Avg,0.16542327250972194,0.2736703559676927,0.19351480705952825,106880.0
186,weighted avg ,0.20588094525874956,0.32535447203110823,0.23759497457373657,106880.0
Epoch,class,precision,recall,fscore,support
187,0,0.0,0.0,0.0,23734.0
187,1,0.0,0.0,0.0,20936.0
187,2,0.3170514727759599,0.7418952692651046,0.43677476941386534,32799.0
187,3,0.34332341565010444,0.35301398393335304,0.3368937816126161,29987.0
187,Micro Avg,0.32533472180898393,0.32533472180898393,0.32533472180898393,107456.0
187,Macro Avg,0.16542100565307963,0.2736983040761668,0.19350788455816817,107456.0
187,weighted avg ,0.2058792026182683,0.32533472180898393,0.23756620053555527,107456.0
Epoch,class,precision,recall,fscore,support
188,0,0.0,0.0,0.0,23868.0
188,1,0.0,0.0,0.0,21048.0
188,2,0.31699911216336224,0.7421959159514699,0.4367771530038478,32963.0
188,3,0.34357206274045604,0.35298609055933694,0.33702278780704437,30153.0
188,Micro Avg,0.32536253329387255,0.32536253329387255,0.32536253329387255,108032.0
188,Macro Avg,0.16546907369044125,0.2737644273453674,0.19354246818585474,108032.0
188,weighted avg ,0.20593074874223138,0.32536253329387255,0.237585084344481,108032.0
Epoch,class,precision,recall,fscore,support
189,0,0.0,0.0,0.0,23982.0
189,1,0.0,0.0,0.0,21170.0
189,2,0.3169973506034741,0.742184280247282,0.43677068001177566,33144.0
189,3,0.34344127171033295,0.35280247277009114,0.3368619370032391,30312.0
189,Micro Avg,0.3253311745657922,0.3253311745657922,0.3253311745657922,108608.0
189,Macro Avg,0.1654400942007657,0.2737091551368844,0.1934972034147787,108608.0
189,weighted avg ,0.2059228731233441,0.3253311745657922,0.23755961142184318,108608.0
Epoch,class,precision,recall,fscore,support
190,0,0.0,0.0,0.0,24115.0
190,1,0.0,0.0,0.0,21277.0
190,2,0.31709516837481744,0.742298682284046,0.4368579795021969,33323.0
190,3,0.34338506588579826,0.35272620790629566,0.33680527086383705,30469.0
190,Micro Avg,0.32538506588579663,0.32538506588579663,0.32538506588579663,109184.0
190,Macro Avg,0.1654494875549051,0.27372181551976454,0.193502196193266,109184.0
190,weighted avg ,0.20598243045387987,0.32538506588579663,0.23761639824304587,109184.0
Epoch,class,precision,recall,fscore,support
191,0,0.0,0.0,0.0,24246.0
191,1,0.0,0.0,0.0,21397.0
191,2,0.3170870958345474,0.7424876201573019,0.4368831925429661,33494.0
191,3,0.3433556655986021,0.35268569764054775,0.33676958928051376,30623.0
191,Micro Avg,0.3253480920477702,0.3253480920477702,0.3253480920477702,109760.0
191,Macro Avg,0.16543839207690092,0.273763472181764,0.19350422371104095,109760.0
191,weighted avg ,0.20590445674337302,0.3253480920477702,0.23754150888435824,109760.0
Epoch,class,precision,recall,fscore,support
192,0,0.0,0.0,0.0,24366.0
192,1,0.0,0.0,0.0,21522.0
192,2,0.31703564184294436,0.7426890756302571,0.43685308606201184,33658.0
192,3,0.34345117357287763,0.35270935960591154,0.33682700666473603,30790.0
192,Micro Avg,0.3253201970443334,0.3253201970443334,0.3253201970443334,110336.0
192,Macro Avg,0.1654476963199075,0.2738133874239339,0.19351202549985616,110336.0
192,weighted avg ,0.20590263691683558,0.3253201970443334,0.23751376412634073,110336.0
Epoch,class,precision,recall,fscore,support
193,0,0.0,0.0,0.0,24488.0
193,1,0.0,0.0,0.0,21629.0
193,2,0.3171778610550595,0.7426578264629625,0.4369703084462389,33850.0
193,3,0.3435572211011821,0.3528769097722691,0.33694724704525914,30945.0
193,Micro Avg,0.3254511386566718,0.3254511386566718,0.3254511386566718,110912.0
193,Macro Avg,0.16550590948400137,0.27384548861343205,0.1935716344767955,110912.0
193,weighted avg ,0.20603920438166606,0.3254511386566718,0.2376592678005194,110912.0
Epoch,class,precision,recall,fscore,support
194,0,0.0,0.0,0.0,24614.0
194,1,0.0,0.0,0.0,21749.0
194,2,0.31712155963302774,0.7425860091743168,0.43690653669724866,34034.0
194,3,0.34361525229357814,0.3528125000000004,0.336958142201836,31123.0
194,Micro Avg,0.3254214449541268,0.3254214449541268,0.3254214449541268,111520.0
194,Macro Avg,0.16550745412844062,0.2738159403669712,0.19356364678899193,111520.0
194,weighted avg ,0.20606938073394476,0.3254214449541268,0.23766628440367032,111520.0
Epoch,class,precision,recall,fscore,support
195,0,0.0,0.0,0.0,24738.0
195,1,0.0,0.0,0.0,21858.0
195,2,0.31710781517398773,0.742592698231608,0.4368938961779815,34209.0
195,3,0.34349971477467217,0.3527010838562469,0.3368511123787803,31291.0
195,Micro Avg,0.3253736451796903,0.3253736451796903,0.3253736451796903,112096.0
195,Macro Avg,0.16547347404449536,0.2737906446092401,0.19353108956075413,112096.0
195,weighted avg ,0.20602681118083263,0.3253736451796903,0.23762122076440448,112096.0
Epoch,class,precision,recall,fscore,support
196,0,0.0,0.0,0.0,24862.0
196,1,0.0,0.0,0.0,21970.0
196,2,0.31712542565266755,0.7424233825198686,0.4369097616345072,34384.0
196,3,0.3434931895573215,0.35286322360953487,0.33693246311010316,31456.0
196,Micro Avg,0.32540578887627536,0.32540578887627536,0.32540578887627536,112672.0
196,Macro Avg,0.16547956867196392,0.2737911464245163,0.19355278093076167,112672.0
196,weighted avg ,0.20603859250851286,0.32540578887627536,0.237658910329172,112672.0
Epoch,class,precision,recall,fscore,support
197,0,0.0,0.0,0.0,24989.0
197,1,0.0,0.0,0.0,22093.0
197,2,0.3171456804065502,0.7426002258611002,0.43695087521174564,34555.0
197,3,0.3434443817052515,0.35286278938452886,0.3369169960474319,31611.0
197,Micro Avg,0.3254009034443801,0.3254009034443801,0.3254009034443801,113248.0
197,Macro Avg,0.16547430830039547,0.273839638622246,0.1935629587803512,113248.0
197,weighted avg ,0.20600790513833978,0.3254009034443801,0.23763410502541002,113248.0
Epoch,class,precision,recall,fscore,support
198,0,0.0,0.0,0.0,25114.0
198,1,0.0,0.0,0.0,22202.0
198,2,0.31717134831460714,0.7425533707865215,0.4369747191011244,34733.0
198,3,0.3434859550561799,0.3528960674157308,0.3369634831460684,31775.0
198,Micro Avg,0.32544662921348166,0.32544662921348166,0.32544662921348166,113824.0
198,Macro Avg,0.16548595505618,0.2738314606741559,0.19357584269663033,113824.0
198,weighted avg ,0.2060449438202246,0.32544662921348166,0.23767696629213547,113824.0
Epoch,class,precision,recall,fscore,support
199,0,0.0,0.0,0.0,25248.0
199,1,0.0,0.0,0.0,22322.0
199,2,0.31722750139742917,0.7423700391280094,0.4369983230855233,34915.0
199,3,0.34312744550027957,0.35291503633314747,0.3367887087758534,31915.0
199,Micro Avg,0.32540245947456536,0.32540245947456536,0.32540245947456536,114400.0
199,Macro Avg,0.1654108440469538,0.27379262157629825,0.19354108440469647,114400.0
199,weighted avg ,0.2059223029625488,0.32540245947456536,0.23760760201229797,114400.0
Epoch,class,precision,recall,fscore,support
200,0,0.0,0.0,0.0,25376.0
200,1,0.0,0.0,0.0,22442.0
200,2,0.3172052280311462,0.7423136818687479,0.436966073414906,35088.0
200,3,0.3429171301446051,0.35281979977753103,0.33662124582869957,32070.0
200,Micro Avg,0.3253337041156828,0.3253337041156828,0.3253337041156828,114976.0
200,Macro Avg,0.16535317018909926,0.27375973303670603,0.19348720800889993,114976.0
200,weighted avg ,0.20584538375973302,0.3253337041156828,0.2375361512791997,114976.0
Epoch,class,precision,recall,fscore,support
201,0,0.0,0.0,0.0,25492.0
201,1,0.0,0.0,0.0,22544.0
201,2,0.31730492529053717,0.7425843940232479,0.4371167681239629,35269.0
201,3,0.3432208079690095,0.3527144438295522,0.3367293857221924,32247.0
201,Micro Avg,0.3254842280022123,0.3254842280022123,0.3254842280022123,115552.0
201,Macro Avg,0.16545379081350325,0.2738074156059754,0.1935500830105158,115552.0
201,weighted avg ,0.20601826231322626,0.3254842280022123,0.23768123962368634,115552.0
Epoch,class,precision,recall,fscore,support
202,0,0.0,0.0,0.0,25617.0
202,1,0.0,0.0,0.0,22664.0
202,2,0.31737059471365664,0.7425743392070533,0.43719713656387715,35447.0
202,3,0.3432654185022029,0.3529763215859034,0.3368942731277542,32400.0
202,Micro Avg,0.3255534140969151,0.3255534140969151,0.3255534140969151,116128.0
202,Macro Avg,0.1654790748898681,0.2738738986784127,0.1936095814977985,116128.0
202,weighted avg ,0.20601046255506597,0.3255534140969151,0.23772026431718132,116128.0
Epoch,class,precision,recall,fscore,support
203,0,0.0,0.0,0.0,25736.0
203,1,0.0,0.0,0.0,22761.0
203,2,0.3173205479452058,0.7423616438356211,0.43712328767123343,35629.0
203,3,0.34345205479452073,0.3529534246575346,0.33699178082191866,32578.0
203,Micro Avg,0.3255698630136973,0.3255698630136973,0.3255698630136973,116704.0
203,Macro Avg,0.16551780821917833,0.2738191780821904,0.19361917808219298,116704.0
203,weighted avg ,0.20609863013698623,0.3255698630136973,0.23778630136986373,116704.0
Epoch,class,precision,recall,fscore,support
204,0,0.0,0.0,0.0,25864.0
204,1,0.0,0.0,0.0,22884.0
204,2,0.31732279171210515,0.7421619411123275,0.43707470010905164,35804.0
204,3,0.3435032715376229,0.3532742639040353,0.3371755725190849,32728.0
204,Micro Avg,0.3255752453653204,0.3255752453653204,0.3255752453653204,117280.0
204,Macro Avg,0.1655370774263906,0.27385496183205976,0.1936532170119968,117280.0
204,weighted avg ,0.2060986913849509,0.3255752453653204,0.23781624863685993,117280.0
Epoch,class,precision,recall,fscore,support
205,0,0.0,0.0,0.0,25988.0
205,1,0.0,0.0,0.0,22999.0
205,2,0.31727346717308785,0.7420455778621862,0.43699403147042915,35982.0
205,3,0.34330168204015205,0.3531877373846992,0.33704557786218214,32887.0
205,Micro Avg,0.32549376017362863,0.32549376017362863,0.32549376017362863,117856.0
205,Macro Avg,0.1654720564297343,0.2738090070537154,0.19360553445469464,117856.0
205,weighted avg ,0.2060146500271297,0.32549376017362863,0.2377455236028221,117856.0
Epoch,class,precision,recall,fscore,support
206,0,0.0,0.0,0.0,26122.0
206,1,0.0,0.0,0.0,23113.0
206,2,0.3172948164146874,0.7419789416846702,0.437000539956804,36161.0
206,3,0.3432127429805616,0.3532775377969766,0.33704913606911524,33036.0
206,Micro Avg,0.32545896328293616,0.32545896328293616,0.32545896328293616,118432.0
206,Macro Avg,0.16545356371490302,0.27381209503239606,0.19360421166306815,118432.0
206,weighted avg ,0.20595572354211664,0.32545896328293616,0.2377105831533483,118432.0
Epoch,class,precision,recall,fscore,support
207,0,0.0,0.0,0.0,26247.0
207,1,0.0,0.0,0.0,23235.0
207,2,0.3172299838796351,0.7420445996775978,0.43695325094035514,36328.0
207,3,0.3431998925308974,0.35328318108543827,0.33706072004298854,33198.0
207,Micro Avg,0.325394948952175,0.325394948952175,0.325394948952175,119008.0
207,Macro Avg,0.165432563138098,0.27382590005373314,0.1935948414830748,119008.0
207,weighted avg ,0.20587318645889308,0.325394948952175,0.23763299301450902,119008.0
Epoch,class,precision,recall,fscore,support
208,0,0.0,0.0,0.0,26376.0
208,1,0.0,0.0,0.0,23341.0
208,2,0.3172967914438507,0.7420320855615024,0.4370000000000005,36511.0
208,3,0.3431577540106952,0.3532299465240645,0.337018716577541,33356.0
208,Micro Avg,0.325417112299464,0.325417112299464,0.325417112299464,119584.0
208,Macro Avg,0.16543582887700556,0.2738181818181804,0.19358823529411884,119584.0
208,weighted avg ,0.20590374331550806,0.325417112299464,0.23767112299465312,119584.0
Epoch,class,precision,recall,fscore,support
209,0,0.0,0.0,0.0,26506.0
209,1,0.0,0.0,0.0,23449.0
209,2,0.3173310271420973,0.7421580627993666,0.4370729111229383,36681.0
209,3,0.34336881319850987,0.35345396487493386,0.337253858435339,33524.0
209,Micro Avg,0.3255321979776465,0.3255321979776465,0.3255321979776465,120160.0
209,Macro Avg,0.1655002660989891,0.2739063331559325,0.19366684406599374,120160.0
209,weighted avg ,0.20598722724853652,0.3255321979776465,0.23776210750399215,120160.0
Epoch,class,precision,recall,fscore,support
210,0,0.0,0.0,0.0,26639.0
210,1,0.0,0.0,0.0,23574.0
210,2,0.3172517871326454,0.741998940958438,0.43697378872120796,36860.0
210,3,0.3432141911570029,0.3532962668784753,0.3370902832936201,33695.0
210,Micro Avg,0.3254143500132368,0.3254143500132368,0.3254143500132368,120768.0
210,Macro Avg,0.1654434736563413,0.2738231400582457,0.19359809372517994,120768.0
210,weighted avg ,0.20593063277733656,0.3254143500132368,0.23768069896743513,120768.0
Epoch,class,precision,recall,fscore,support
211,0,0.0,0.0,0.0,26769.0
211,1,0.0,0.0,0.0,23691.0
211,2,0.3172859025032942,0.7419736495388723,0.4370144927536239,37037.0
211,3,0.3430566534914361,0.35337549407114666,0.3370276679841906,33847.0
211,Micro Avg,0.32543083003952455,0.32543083003952455,0.32543083003952455,121344.0
211,Macro Avg,0.16541765480895945,0.2738366271409733,0.19359683794466537,121344.0
211,weighted avg ,0.20588405797101456,0.32543083003952455,0.23766798418972396,121344.0
Epoch,class,precision,recall,fscore,support
212,0,0.0,0.0,0.0,26900.0
212,1,0.0,0.0,0.0,23792.0
212,2,0.3173223183844746,0.7420377655389513,0.4370574350904807,37223.0
212,3,0.3428140571728297,0.35300813008130116,0.33675321269341796,34005.0
212,Micro Avg,0.3253973249409903,0.3253973249409903,0.3253973249409903,121920.0
212,Macro Avg,0.16536323105166564,0.2737634408602134,0.19353789666929064,121920.0
212,weighted avg ,0.2058300550747444,0.3253973249409903,0.23762654078153758,121920.0
Epoch,class,precision,recall,fscore,support
213,0,0.0,0.0,0.0,27028.0
213,1,0.0,0.0,0.0,23909.0
213,2,0.31725398068389504,0.7420516836335216,0.436992952231794,37391.0
213,3,0.3428138867136517,0.35297572435395486,0.33674758548681877,34168.0
213,Micro Avg,0.32534325241451206,0.32534325241451206,0.32534325241451206,122496.0
213,Macro Avg,0.1653458626990344,0.2737535891412147,0.19351866353432662,122496.0
213,weighted avg ,0.20578700078308546,0.32534325241451206,0.2375776559645009,122496.0
Epoch,class,precision,recall,fscore,support
214,0,0.0,0.0,0.0,27156.0
214,1,0.0,0.0,0.0,24029.0
214,2,0.3172330475448173,0.7420524811639442,0.4369628474928559,37561.0
214,3,0.3429020524811638,0.35304754481683587,0.33679397246038,34326.0
214,Micro Avg,0.3253234606391259,0.3253234606391259,0.3253234606391259,123072.0
214,Macro Avg,0.16535983372304516,0.2737724084177691,0.19352559106261502,123072.0
214,weighted avg ,0.205785918420369,0.3253234606391259,0.23755520914523337,123072.0
Epoch,class,precision,recall,fscore,support
215,0,0.0,0.0,0.0,27292.0
215,1,0.0,0.0,0.0,24132.0
215,2,0.3172278251874843,0.7422342901474067,0.4370054305663311,37736.0
215,3,0.3427902767002844,0.35276183087664875,0.3365865011636935,34488.0
215,Micro Avg,0.3253012671321428,0.3253012671321428,0.3253012671321428,123648.0
215,Macro Avg,0.16532971295577994,0.27374709076803544,0.19348849237134866,123648.0
215,weighted avg ,0.2057538143263513,0.3253012671321428,0.23751228342384356,123648.0
Epoch,class,precision,recall,fscore,support
216,0,0.0,0.0,0.0,27421.0
216,1,0.0,0.0,0.0,24255.0
216,2,0.3171454311454316,0.742283140283146,0.4369240669240676,37899.0
216,3,0.34286229086229075,0.35287516087516113,0.33666409266409336,34649.0
216,Micro Avg,0.3252664092664083,0.3252664092664083,0.3252664092664083,124224.0
216,Macro Avg,0.16532818532818555,0.27378893178892993,0.1934826254826269,124224.0
216,weighted avg ,0.20575546975546982,0.3252664092664083,0.2374929214929223,124224.0
Epoch,class,precision,recall,fscore,support
217,0,0.0,0.0,0.0,27536.0
217,1,0.0,0.0,0.0,24370.0
217,2,0.3172124007173974,0.7423571611580893,0.4370048680502184,38076.0
217,3,0.34292083013066865,0.35291826799897547,0.336692287983603,34818.0
217,Micro Avg,0.325321547527542,0.325321547527542,0.325321547527542,124800.0
217,Macro Avg,0.16535997950294667,0.27381501409172243,0.19351012042019106,124800.0
217,weighted avg ,0.20583397386625682,0.325321547527542,0.23756597489111017,124800.0
Epoch,class,precision,recall,fscore,support
218,0,0.0,0.0,0.0,27666.0
218,1,0.0,0.0,0.0,24476.0
218,2,0.31732721244580514,0.7424152002040354,0.4371231828615155,38265.0
218,3,0.3428105075235909,0.3528360112216275,0.33661820964039857,34969.0
218,Micro Avg,0.3253940321346587,0.3253940321346587,0.3253940321346587,125376.0
218,Macro Avg,0.16536087732721272,0.2738026013771978,0.19352206069880276,125376.0
218,weighted avg ,0.20587350165774046,0.3253940321346587,0.23762560571282915,125376.0
Epoch,class,precision,recall,fscore,support
219,0,0.0,0.0,0.0,27787.0
219,1,0.0,0.0,0.0,24581.0
219,2,0.31729372937293787,0.7422670728611381,0.43707286113226773,38437.0
219,3,0.34299314546839293,0.3530896166539735,0.33678090886011747,35147.0
219,Micro Avg,0.32541254125412455,0.32541254125412455,0.32541254125412455,125952.0
219,Macro Avg,0.16539477024625562,0.2738309215536919,0.19355927900482503,125952.0
219,weighted avg ,0.20595074892104603,0.32541254125412455,0.23767453668443847,125952.0
Epoch,class,precision,recall,fscore,support
220,0,0.0,0.0,0.0,27913.0
220,1,0.0,0.0,0.0,24705.0
220,2,0.3173414202678802,0.7423831185241404,0.43714430123831255,38618.0
220,3,0.34287338893100827,0.35307303512762234,0.3367424816780397,35292.0
220,Micro Avg,0.3254258276472066,0.3254258276472066,0.3254258276472066,126528.0
220,Macro Avg,0.16537781147333863,0.27385898407884557,0.19356835986858872,126528.0
220,weighted avg ,0.20587313621430384,0.3254258276472066,0.23764215314632375,126528.0
Epoch,class,precision,recall,fscore,support
221,0,0.0,0.0,0.0,28043.0
221,1,0.0,0.0,0.0,24813.0
221,2,0.31728050314465456,0.7425056603773647,0.4371069182389945,38786.0
221,3,0.3430012578616351,0.3530238993710696,0.3367371069182398,35462.0
221,Micro Avg,0.3253911949685526,0.3253911949685526,0.3253911949685526,127104.0
221,Macro Avg,0.16539874213836508,0.2738767295597463,0.1935597484276744,127104.0
221,weighted avg ,0.20589182389937116,0.3253911949685526,0.23760251572327115,127104.0
Epoch,class,precision,recall,fscore,support
222,0,0.0,0.0,0.0,28173.0
222,1,0.0,0.0,0.0,24919.0
222,2,0.3174330077635867,0.7427397946406274,0.4373052842474338,38969.0
222,3,0.3430904082143751,0.35310793889306336,0.33684447783621424,35619.0
222,Micro Avg,0.32552466816929554,0.32552466816929554,0.32552466816929554,127680.0
222,Macro Avg,0.1654545454545458,0.27395442023540967,0.1936338592536955,127680.0
222,weighted avg ,0.20597044828449798,0.32552466816929554,0.23770348109191158,127680.0
Epoch,class,precision,recall,fscore,support
223,0,0.0,0.0,0.0,28299.0
223,1,0.0,0.0,0.0,25025.0
223,2,0.3175991024682127,0.7427349788082838,0.4374794315632021,39156.0
223,3,0.34305908750934927,0.3533507853403147,0.3369483919222147,35776.0
223,Micro Avg,0.325639491398653,0.325639491398653,0.325639491398653,128256.0
223,Macro Avg,0.16548740962353561,0.27401146846172786,0.1937097980553493,128256.0
223,weighted avg ,0.20600349040139618,0.325639491398653,0.23779356768885646,128256.0
Epoch,class,precision,recall,fscore,support
224,0,0.0,0.0,0.0,28439.0
224,1,0.0,0.0,0.0,25139.0
224,2,0.31751551253412785,0.7429014643832285,0.43743360635393497,39319.0
224,3,0.343085132787292,0.35331844130057144,0.33697939935467935,35935.0
224,Micro Avg,0.32558203028046595,0.32558203028046595,0.32558203028046595,128832.0
224,Macro Avg,0.16546785802928798,0.27404318689500873,0.19371059816331748,128832.0
224,weighted avg ,0.2059245470340035,0.32558203028046595,0.23772151898734256,128832.0
Epoch,class,precision,recall,fscore,support
225,0,0.0,0.0,0.0,28576.0
225,1,0.0,0.0,0.0,25248.0
225,2,0.31732394366197214,0.7428391401037873,0.4372448727452444,39475.0
225,3,0.34312083024462553,0.35331356560415184,0.33701013096120663,36109.0
225,Micro Avg,0.3254633061527051,0.3254633061527051,0.3254633061527051,129408.0
225,Macro Avg,0.16542871262663736,0.2740252038547047,0.19366938472943068,129408.0
225,weighted avg ,0.2058364220410181,0.3254633061527051,0.23761798863355652,129408.0
Epoch,class,precision,recall,fscore,support
226,0,0.0,0.0,0.0,28709.0
226,1,0.0,0.0,0.0,25372.0
226,2,0.31741269060501753,0.7428971962616892,0.43732169208067,39667.0
226,3,0.34310132808657146,0.3534112149532717,0.3370437776684712,36268.0
226,Micro Avg,0.32549926217412617,0.32549926217412617,0.32549926217412617,130016.0
226,Macro Avg,0.16544269552385676,0.2740654205607451,0.19369896704377915,130016.0
226,weighted avg ,0.20583866207575022,0.32549926217412617,0.2376389572061002,130016.0
Epoch,class,precision,recall,fscore,support
227,0,0.0,0.0,0.0,28829.0
227,1,0.0,0.0,0.0,25482.0
227,2,0.317568560235064,0.7429897159647473,0.43749265426053,39853.0
227,3,0.3431194906953965,0.3535969637610193,0.3371474045053878,36428.0
227,Micro Avg,0.32565866797257526,0.32565866797257526,0.32565866797257526,130592.0
227,Macro Avg,0.1654872673849172,0.2741283055827594,0.19377081292850296,130592.0
227,weighted avg ,0.205937806072478,0.32565866797257526,0.2377889324191977,130592.0
Epoch,class,precision,recall,fscore,support
228,0,0.0,0.0,0.0,28960.0
228,1,0.0,0.0,0.0,25601.0
228,2,0.31755728912725534,0.7428620185275547,0.4374768405655788,40036.0
228,3,0.3429254022428082,0.35349341784495436,0.3369527059970755,36571.0
228,Micro Avg,0.3255826426133588,0.3255826426133588,0.3255826426133588,131168.0
228,Macro Avg,0.16542905899561236,0.27407118478790576,0.1937201365187728,131168.0
228,weighted avg ,0.20583617747440275,0.3255826426133588,0.23769868356899151,131168.0
Epoch,class,precision,recall,fscore,support
229,0,0.0,0.0,0.0,29079.0
229,1,0.0,0.0,0.0,25703.0
229,2,0.31761407766990324,0.7429247572815608,0.43754368932038934,40218.0
229,3,0.3430364077669903,0.35344417475728224,0.33698786407767084,36744.0
229,Micro Avg,0.32567233009708674,0.32567233009708674,0.32567233009708674,131744.0
229,Macro Avg,0.16547572815534026,0.27406796116504595,0.1937475728155354,131744.0
229,weighted avg ,0.20593932038834958,0.32567233009708674,0.23779854368932118,131744.0
Epoch,class,precision,recall,fscore,support
230,0,0.0,0.0,0.0,29208.0
230,1,0.0,0.0,0.0,25816.0
230,2,0.3176147897535043,0.7429289511841544,0.43754712421459757,40389.0
230,3,0.3429748670855486,0.35343402609956565,0.33695263412276555,36907.0
230,Micro Avg,0.32566215563073886,0.32566215563073886,0.32566215563073886,132320.0
230,Macro Avg,0.16546157564040645,0.27406959884001675,0.19374577090381967,132320.0
230,weighted avg ,0.20593040115998074,0.32566215563073886,0.23778637022716365,132320.0
Epoch,class,precision,recall,fscore,support
231,0,0.0,0.0,0.0,29345.0
231,1,0.0,0.0,0.0,25927.0
231,2,0.31762752646775766,0.7430413859480343,0.43758662175168556,40569.0
231,3,0.34281761308950914,0.3533277189605396,0.33682146294514054,37055.0
231,Micro Avg,0.3256304138594797,0.3256304138594797,0.3256304138594797,132896.0
231,Macro Avg,0.165423484119346,0.27407122232916,0.19371751684311983,132896.0
231,weighted avg ,0.2058397497593841,0.3256304138594797,0.23771174205967355,132896.0
Epoch,class,precision,recall,fscore,support
232,0,0.0,0.0,0.0,29461.0
232,1,0.0,0.0,0.0,26046.0
232,2,0.31771921418303817,0.7430570196454312,0.43766890273119435,40758.0
232,3,0.34294441782462853,0.3534187829420226,0.33688308576904746,37207.0
232,Micro Avg,0.3257139434595108,0.3257139434595108,0.3257139434595108,133472.0
232,Macro Avg,0.16547436511739383,0.27409918543363404,0.1937517968375673,133472.0
232,weighted avg ,0.2059295639674175,0.3257139434595108,0.2377862961188316,133472.0
Epoch,class,precision,recall,fscore,support
233,0,0.0,0.0,0.0,29594.0
233,1,0.0,0.0,0.0,26153.0
233,2,0.3177934160305345,0.7429842557251979,0.4377266221374059,40948.0
233,3,0.34281727099236636,0.3533659351145045,0.33677958015267273,37353.0
233,Micro Avg,0.3257180343511446,0.3257180343511446,0.3257180343511446,134048.0
233,Macro Avg,0.16546040076335927,0.27407204198473,0.19373807251908537,134048.0
233,weighted avg ,0.20593511450381694,0.3257180343511446,0.23779580152671828,134048.0
Epoch,class,precision,recall,fscore,support
234,0,0.0,0.0,0.0,29725.0
234,1,0.0,0.0,0.0,26267.0
234,2,0.3177387173396677,0.7430190023753038,0.4376745843230416,41114.0
234,3,0.34291211401425165,0.3534608076009507,0.33690498812351644,37518.0
234,Micro Avg,0.32570546318289745,0.32570546318289745,0.32570546318289745,134624.0
234,Macro Avg,0.16547268408551116,0.2741092636579544,0.19375296912114154,134624.0
234,weighted avg ,0.20590736342042765,0.32570546318289745,0.23778384798099836,134624.0
Epoch,class,precision,recall,fscore,support
235,0,0.0,0.0,0.0,29847.0
235,1,0.0,0.0,0.0,26381.0
235,2,0.31764900662251694,0.7430179754020884,0.4375804162724705,41282.0
235,3,0.34301561021759686,0.35344607379375653,0.336953642384107,37690.0
235,Micro Avg,0.32566698202459754,0.32566698202459754,0.32566698202459754,135200.0
235,Macro Avg,0.16547776726584715,0.27410832544938213,0.19373935666982167,135200.0
235,weighted avg ,0.20589167455061505,0.32566698202459754,0.2377530747398304,135200.0
Epoch,class,precision,recall,fscore,support
236,0,0.0,0.0,0.0,29970.0
236,1,0.0,0.0,0.0,26504.0
236,2,0.31752708431464954,0.7428662270372186,0.4374211022138495,41449.0
236,3,0.3430146019783325,0.35350211964201655,0.3369571361281215,37853.0
236,Micro Avg,0.325581723975506,0.325581723975506,0.325581723975506,135776.0
236,Macro Avg,0.16544041450777242,0.27408148845972385,0.1936999528968455,135776.0
236,weighted avg ,0.20584550164861062,0.325581723975506,0.23768252472915755,135776.0
Epoch,class,precision,recall,fscore,support
237,0,0.0,0.0,0.0,30096.0
237,1,0.0,0.0,0.0,26627.0
237,2,0.3174554409005633,0.7428095684803074,0.43733348968105185,41624.0
237,3,0.3429502814258911,0.35338883677298355,0.33686679174484147,38005.0
237,Micro Avg,0.32549953095684775,0.32549953095684775,0.32549953095684775,136352.0
237,Macro Avg,0.1654057223264544,0.2740431519699783,0.1936538461538475,136352.0
237,weighted avg ,0.20576688555347114,0.32549953095684775,0.23760084427767425,136352.0
Epoch,class,precision,recall,fscore,support
238,0,0.0,0.0,0.0,30228.0
238,1,0.0,0.0,0.0,26732.0
238,2,0.3175011676786552,0.7428654834189704,0.437410088743579,41803.0
238,3,0.34294488556749186,0.3532835123773942,0.33681223727230364,38165.0
238,Micro Avg,0.3255184493227461,0.3255184493227461,0.3255184493227461,136928.0
238,Macro Avg,0.16541569360112124,0.27402849135917495,0.19365716954694207,136928.0
238,weighted avg ,0.20577066791219079,0.3255184493227461,0.23761092947220996,136928.0
Epoch,class,precision,recall,fscore,support
239,0,0.0,0.0,0.0,30352.0
239,1,0.0,0.0,0.0,26836.0
239,2,0.3175697674418607,0.7427023255814027,0.4374558139534897,41990.0
239,3,0.3428697674418605,0.35335813953488415,0.33683023255814054,38326.0
239,Micro Avg,0.3255511627906974,0.3255511627906974,0.3255511627906974,137504.0
239,Macro Avg,0.16541627906976772,0.27400465116278766,0.19367209302325722,137504.0
239,weighted avg ,0.20577906976744206,0.3255511627906974,0.23765116279069842,137504.0
Epoch,class,precision,recall,fscore,support
240,0,0.0,0.0,0.0,30478.0
240,1,0.0,0.0,0.0,26950.0
240,2,0.3175845298749423,0.7426308476146438,0.4374478925428453,42172.0
240,3,0.34265169059749895,0.3532121352478003,0.33667438628995017,38480.0
240,Micro Avg,0.32549559981472875,0.32549559981472875,0.32549559981472875,138080.0
240,Macro Avg,0.1653659101435853,0.27394858730893623,0.19363131079203472,138080.0
240,weighted avg ,0.20571329319129247,0.32549559981472875,0.23760074108383597,138080.0
Epoch,class,precision,recall,fscore,support
241,0,0.0,0.0,0.0,30602.0
241,1,0.0,0.0,0.0,27061.0
241,2,0.31772370848708503,0.742735239852406,0.4376268450184515,42356.0
241,3,0.3426360701107013,0.3533279520295207,0.3367204797047982,38637.0
241,Micro Avg,0.3256111623616234,0.3256111623616234,0.3256111623616234,138656.0
241,Macro Avg,0.16539667896679,0.27400369003689723,0.19368773062730765,138656.0
241,weighted avg ,0.20574031365313672,0.3256111623616234,0.23767297047970562,138656.0
Epoch,class,precision,recall,fscore,support
242,0,0.0,0.0,0.0,30733.0
242,1,0.0,0.0,0.0,27178.0
242,2,0.3177657864523537,0.7428013777267584,0.4376716417910462,42543.0
242,3,0.3427324913892079,0.35330424799081556,0.3367278989667062,38810.0
242,Micro Avg,0.32563030998851866,0.32563030998851866,0.32563030998851866,139264.0
242,Macro Avg,0.16543053960964443,0.2740183696900082,0.19370149253731483,139264.0
242,weighted avg ,0.20579334098737104,0.32563030998851866,0.23769460390355998,139264.0
Epoch,class,precision,recall,fscore,support
243,0,0.0,0.0,0.0,30865.0
243,1,0.0,0.0,0.0,27295.0
243,2,0.317845872398811,0.7429819345986813,0.43777498284930394,42720.0
243,3,0.342700663160302,0.35340269837640115,0.3367802423965255,38960.0
243,Micro Avg,0.32567802423965214,0.32567802423965214,0.32567802423965214,139840.0
243,Macro Avg,0.1654447747541737,0.2740887262748652,0.1937411388063128,139840.0
243,weighted avg ,0.20577864166476123,0.32567802423965214,0.2377109535787797,139840.0
Epoch,class,precision,recall,fscore,support
244,0,0.0,0.0,0.0,30995.0
244,1,0.0,0.0,0.0,27406.0
244,2,0.31773627875199284,0.7427897973126927,0.43764518332953917,42892.0
244,3,0.3428262354816673,0.3535094511500802,0.3369004782509692,39123.0
244,Micro Avg,0.3256433614210883,0.3256433614210883,0.3256433614210883,140416.0
244,Macro Avg,0.1654452288772493,0.2740674106126133,0.19373491232065734,140416.0
244,weighted avg ,0.2057617854702803,0.3256433614210883,0.23768617626964333,140416.0
Epoch,class,precision,recall,fscore,support
245,0,0.0,0.0,0.0,31129.0
245,1,0.0,0.0,0.0,27522.0
245,2,0.31767747788614203,0.7428691313223031,0.4375935586300763,43060.0
245,3,0.34296212293037004,0.35348151508278575,0.3369471535495591,39281.0
245,Micro Avg,0.32562259015649786,0.32562259015649786,0.32562259015649786,140992.0
245,Macro Avg,0.16546382399637144,0.2740825584032626,0.19373100476298627,140992.0
245,weighted avg ,0.20574960308459983,0.32562259015649786,0.23765252891812294,140992.0
Epoch,class,precision,recall,fscore,support
246,0,0.0,0.0,0.0,31258.0
246,1,0.0,0.0,0.0,27642.0
246,2,0.3176236729161961,0.7429184549356301,0.43755364806867103,43227.0
246,3,0.3428348768918007,0.35334086288683136,0.3368285520668638,39441.0
246,Micro Avg,0.32555681048113816,0.32555681048113816,0.32555681048113816,141568.0
246,Macro Avg,0.1654167607860857,0.27405918229048665,0.19369098712446503,141568.0
246,weighted avg ,0.20567201264965004,0.32555681048113816,0.2375807544612613,141568.0
Epoch,class,precision,recall,fscore,support
247,0,0.0,0.0,0.0,31393.0
247,1,0.0,0.0,0.0,27753.0
247,2,0.317644544431946,0.7429606299212678,0.4375658042744672,43409.0
247,3,0.34260742407199135,0.35318335208099044,0.33660742407199246,39589.0
247,Micro Avg,0.32550731158605134,0.32550731158605134,0.32550731158605134,142144.0
247,Macro Avg,0.16536107986501714,0.2740247469066331,0.19363779527559205,142144.0
247,weighted avg ,0.20561979752530957,0.32550731158605134,0.23752755905511902,142144.0
Epoch,class,precision,recall,fscore,support
248,0,0.0,0.0,0.0,31501.0
248,1,0.0,0.0,0.0,27851.0
248,2,0.31777279856598706,0.7429912614833152,0.4376697288819194,43604.0
248,3,0.34261259242661923,0.3530517589065658,0.33656733139144224,39764.0
248,Micro Avg,0.3256195384270667,0.3256195384270667,0.3256195384270667,142720.0
248,Macro Avg,0.16540219583240007,0.2739973112256293,0.19365673313914555,142720.0
248,weighted avg ,0.20576518037194733,0.3256195384270667,0.2376764508178364,142720.0
Epoch,class,precision,recall,fscore,support
249,0,0.0,0.0,0.0,31622.0
249,1,0.0,0.0,0.0,27965.0
249,2,0.3177817451461729,0.7429100647177052,0.43766793126534387,43788.0
249,3,0.3423967864316003,0.35282972550769987,0.33637804061593535,39921.0
249,Micro Avg,0.32558357509484465,0.32558357509484465,0.32558357509484465,143296.0
249,Macro Avg,0.16535148404374056,0.27392323142155395,0.19360633787101245,143296.0
249,weighted avg ,0.20572416871234123,0.32558357509484465,0.23765454139701042,143296.0
Epoch,class,precision,recall,fscore,support
250,0,0.0,0.0,0.0,31749.0
250,1,0.0,0.0,0.0,28089.0
250,2,0.3177861747054902,0.7429673260724691,0.4376928206268073,43958.0
250,3,0.3423805290064461,0.3529006445876869,0.33636585907979694,40076.0
250,Micro Avg,0.3255545676817067,0.3255545676817067,0.3255545676817067,143872.0
250,Macro Avg,0.1653500777950658,0.27395198933095866,0.193603022893978,143872.0
250,weighted avg ,0.20570126694821092,0.3255545676817067,0.2376172482773959,143872.0
Epoch,class,precision,recall,fscore,support
251,0,0.0,0.0,0.0,31889.0
251,1,0.0,0.0,0.0,28199.0
251,2,0.3177108700464912,0.7430241310604468,0.43763559884879477,44119.0
251,3,0.34240425060881136,0.35286030551250913,0.3363670577817149,40241.0
251,Micro Avg,0.3255102944432142,0.3255102944432142,0.3255102944432142,144448.0
251,Macro Avg,0.16533982731901734,0.2739561655966311,0.19358645118441595,144448.0
251,weighted avg ,0.20564533982731925,0.3255102944432142,0.23755811379234104,144448.0
Epoch,class,precision,recall,fscore,support
252,0,0.0,0.0,0.0,32024.0
252,1,0.0,0.0,0.0,28315.0
252,2,0.3176471885336275,0.7431929437706811,0.43759206174200793,44280.0
252,3,0.3426659316427788,0.35301433296582213,0.3365600882028679,40405.0
252,Micro Avg,0.325532524807056,0.325532524807056,0.325532524807056,145024.0
252,Macro Avg,0.16538699007717778,0.2740396912899631,0.1936295479603102,145024.0
252,weighted avg ,0.20568687982359452,0.325532524807056,0.23757442116868904,145024.0
Epoch,class,precision,recall,fscore,support
253,0,0.0,0.0,0.0,32157.0
253,1,0.0,0.0,0.0,28428.0
253,2,0.3175971886668132,0.7431934987920138,0.4375444761695599,44447.0
253,3,0.34273006808697604,0.3531385899406992,0.3366373819459709,40568.0
253,Micro Avg,0.325523830441467,0.325523830441467,0.325523830441467,145600.0
253,Macro Avg,0.1653876564902265,0.2740742367669629,0.19363496595651367,145600.0
253,weighted avg ,0.20569734241159696,0.325523830441467,0.23757742148034375,145600.0
Epoch,class,precision,recall,fscore,support
254,0,0.0,0.0,0.0,32286.0
254,1,0.0,0.0,0.0,28537.0
254,2,0.3174250711004158,0.7429730912273111,0.4373419383067175,44603.0
254,3,0.3429643404069136,0.35333406256836647,0.33686501859549456,40750.0
254,Micro Avg,0.32549551520455033,0.32549551520455033,0.32549551520455033,146176.0
254,Macro Avg,0.16539925618026716,0.27406913148107237,0.19364034128199664,146176.0
254,weighted avg ,0.20572959964996737,0.32549551520455033,0.23757821045723146,146176.0
Epoch,class,precision,recall,fscore,support
255,0,0.0,0.0,0.0,32416.0
255,1,0.0,0.0,0.0,28651.0
255,2,0.3173785138374374,0.7427979952059358,0.43726302026585445,44777.0
255,3,0.34285465242972374,0.35332970146001386,0.3368228372194391,40908.0
255,Micro Avg,0.3254303769884505,0.3254303769884505,0.3254303769884505,146752.0
255,Macro Avg,0.16536282414469408,0.2740226628895144,0.19361080845500256,146752.0
255,weighted avg ,0.20568097624754866,0.3254303769884505,0.2375332316408815,146752.0
Epoch,class,precision,recall,fscore,support
256,0,0.0,0.0,0.0,32533.0
256,1,0.0,0.0,0.0,28757.0
256,2,0.31747341002821794,0.7427675276752854,0.43735836770132536,44968.0
256,3,0.34290210549164357,0.3533535923594538,0.3368656392446291,41070.0
256,Micro Avg,0.3255046668113739,0.3255046668113739,0.3255046668113739,147328.0
256,Macro Avg,0.165398306924246,0.2740243108313396,0.1936422834816598,147328.0
256,weighted avg ,0.20574126329498604,0.3255046668113739,0.23760364662470265,147328.0
Epoch,class,precision,recall,fscore,support
257,0,0.0,0.0,0.0,32663.0
257,1,0.0,0.0,0.0,28869.0
257,2,0.31746162162162156,0.7427005405405492,0.4373470270270283,45139.0
257,3,0.3427870270270275,0.35340108108108176,0.33683891891892026,41233.0
257,Micro Avg,0.32551135135135134,0.32551135135135134,0.32551135135135134,147904.0
257,Macro Avg,0.1653664864864868,0.27402162162161764,0.1936324324324339,147904.0
257,weighted avg ,0.20569729729729747,0.32551135135135134,0.237584864864866,147904.0
Epoch,class,precision,recall,fscore,support
258,0,0.0,0.0,0.0,32802.0
258,1,0.0,0.0,0.0,28982.0
258,2,0.3174052540913006,0.7426787252368737,0.4372911283376413,45314.0
258,3,0.34289405684754576,0.3535271317829465,0.3369702842377275,41414.0
258,Micro Avg,0.3255081826012058,0.3255081826012058,0.3255081826012058,148512.0
258,Macro Avg,0.1653832902670115,0.27404823428078834,0.19364556416882145,148512.0
258,weighted avg ,0.20571490094745926,0.3255081826012058,0.2375925925925938,148512.0
Epoch,class,precision,recall,fscore,support
259,0,0.0,0.0,0.0,32927.0
259,1,0.0,0.0,0.0,29091.0
259,2,0.3175332475332475,0.742902187902197,0.4374431574431588,45500.0
259,3,0.34297511797511854,0.3534641784641792,0.3369626769626784,41570.0
259,Micro Avg,0.32558558558558554,0.32558558558558554,0.32558558558558554,149088.0
259,Macro Avg,0.16543758043758072,0.2740883740883699,0.1936851136851152,149088.0
259,weighted avg ,0.20578721578721595,0.32558558558558554,0.23765336765336884,149088.0
Epoch,class,precision,recall,fscore,support
260,0,0.0,0.0,0.0,33061.0
260,1,0.0,0.0,0.0,29196.0
260,2,0.31745940170940157,0.7429038461538552,0.43737606837606974,45667.0
260,3,0.34314102564102616,0.3534786324786333,0.337055555555557,41740.0
260,Micro Avg,0.3255726495726494,0.3255726495726494,0.3255726495726494,149664.0
260,Macro Avg,0.16546153846153874,0.27409615384614955,0.19369230769230922,149664.0
260,weighted avg ,0.20580982905982922,0.3255726495726494,0.23765170940171057,149664.0
Epoch,class,precision,recall,fscore,support
261,0,0.0,0.0,0.0,33192.0
261,1,0.0,0.0,0.0,29317.0
261,2,0.31742869306087684,0.7427139208173781,0.4372733077905506,45839.0
261,3,0.34293316304810606,0.35348020434227406,0.33694976585781333,41892.0
261,Micro Avg,0.3254874414644528,0.3254874414644528,0.3254874414644528,150240.0
261,Macro Avg,0.165400170285228,0.2740506598552533,0.19363984674329654,150240.0
261,weighted avg ,0.20574286930608787,0.3254874414644528,0.23759897828863463,150240.0
Epoch,class,precision,recall,fscore,support
262,0,0.0,0.0,0.0,33327.0
262,1,0.0,0.0,0.0,29427.0
262,2,0.31743850720949957,0.7426908396946656,0.4372773536895688,46015.0
262,3,0.3429940627650557,0.35365776081425004,0.3370780322307055,42047.0
262,Micro Avg,0.3255216284987275,0.3255216284987275,0.3255216284987275,150816.0
262,Macro Avg,0.1654177268871927,0.27409457167090323,0.1936768447837166,150816.0
262,weighted avg ,0.205748515691264,0.3255216284987275,0.2376272264631055,150816.0
Epoch,class,precision,recall,fscore,support
263,0,0.0,0.0,0.0,33449.0
263,1,0.0,0.0,0.0,29538.0
263,2,0.3174081115335869,0.7426784959864903,0.4372370088719915,46188.0
263,3,0.34301436417406056,0.35375580904098075,0.33710181664554445,42217.0
263,Micro Avg,0.32552809463455834,0.32552809463455834,0.32552809463455834,151392.0
263,Macro Avg,0.16541402619349402,0.2741170257710138,0.19366708914237588,151392.0
263,weighted avg ,0.20576679340937917,0.32552809463455834,0.23764047317279366,151392.0
Epoch,class,precision,recall,fscore,support
264,0,0.0,0.0,0.0,33570.0
264,1,0.0,0.0,0.0,29648.0
264,2,0.317415824915825,0.742632575757585,0.4372369528619544,46366.0
264,3,0.3431481481481487,0.35380681818181875,0.33717171717171873,42384.0
264,Micro Avg,0.3255576599326598,0.3255576599326598,0.3255576599326598,151968.0
264,Macro Avg,0.16544823232323244,0.27412037037036596,0.19368686868687024,151968.0
264,weighted avg ,0.2058375420875423,0.3255576599326598,0.23768308080808195,151968.0
Epoch,class,precision,recall,fscore,support
265,0,0.0,0.0,0.0,33695.0
265,1,0.0,0.0,0.0,29761.0
265,2,0.3174171907756814,0.7426184486373257,0.4372410901467521,46538.0
265,3,0.34319077568134226,0.35377568134171966,0.33718448637316717,42550.0
265,Micro Avg,0.3255576519916142,0.3255576519916142,0.3255576519916142,152544.0
265,Macro Avg,0.16546121593291419,0.274109014675048,0.19368972746331387,152544.0
265,weighted avg ,0.20584905660377378,0.3255576519916142,0.23768763102725482,152544.0
Epoch,class,precision,recall,fscore,support
266,0,0.0,0.0,0.0,33824.0
266,1,0.0,0.0,0.0,29867.0
266,2,0.31730367585630764,0.7425543024227327,0.437113617376777,46698.0
266,3,0.3434356725146204,0.3538283208020057,0.33730367585630905,42731.0
266,Micro Avg,0.3255346700083541,0.3255346700083541,0.3255346700083541,153120.0
266,Macro Avg,0.1654949874686718,0.27410609857977836,0.19369465329991795,153120.0
266,weighted avg ,0.2059335839599,0.3255346700083541,0.23771303258145488,153120.0
Epoch,class,precision,recall,fscore,support
267,0,0.0,0.0,0.0,33954.0
267,1,0.0,0.0,0.0,29979.0
267,2,0.31731793591344165,0.7426674989596431,0.4371473158551829,46867.0
267,3,0.34358718268830696,0.3539637952559308,0.3374448605909296,42896.0
267,Micro Avg,0.32559508947149385,0.32559508947149385,0.32559508947149385,153696.0
267,Macro Avg,0.16553682896379537,0.2741697877652889,0.19373907615480795,153696.0
267,weighted avg ,0.2059904286308783,0.32559508947149385,0.23776945484810785,153696.0
Epoch,class,precision,recall,fscore,support
268,0,0.0,0.0,0.0,34082.0
268,1,0.0,0.0,0.0,30090.0
268,2,0.3173403814262024,0.7426513266998435,0.43716832504146136,47042.0
268,3,0.3435966003316756,0.35400497512437884,0.3374647595356567,43058.0
268,Micro Avg,0.32561359867330014,0.32561359867330014,0.32561359867330014,154272.0
268,Macro Avg,0.16554311774461042,0.2741770315091165,0.19374792703151061,154272.0
268,weighted avg ,0.2059929519071312,0.32561359867330014,0.23777570480928825,154272.0
Epoch,class,precision,recall,fscore,support
269,0,0.0,0.0,0.0,34209.0
269,1,0.0,0.0,0.0,30197.0
269,2,0.31733581164807934,0.7427509293680391,0.4371995043370528,47215.0
269,3,0.3436617100371754,0.35386410574142996,0.3374101610904602,43227.0
269,Micro Avg,0.3256216439487814,0.3256216439487814,0.3256216439487814,154848.0
269,Macro Avg,0.16555142503097908,0.27416356877322956,0.19373812474184374,154848.0
269,weighted avg ,0.20601404378356078,0.3256216439487814,0.23777571251549082,154848.0
Epoch,class,precision,recall,fscore,support
270,0,0.0,0.0,0.0,34338.0
270,1,0.0,0.0,0.0,30307.0
270,2,0.3173724279835392,0.7426769547325196,0.4372201646090553,47397.0
270,3,0.34367901234567966,0.353960905349795,0.33745061728395237,43382.0
270,Micro Avg,0.32562345679012333,0.32562345679012333,0.32562345679012333,155424.0
270,Macro Avg,0.16556172839506186,0.2741707818929994,0.19375308641975464,155424.0
270,weighted avg ,0.2060082304526752,0.32562345679012333,0.23778395061728538,155424.0
Epoch,class,precision,recall,fscore,support
271,0,0.0,0.0,0.0,34472.0
271,1,0.0,0.0,0.0,30430.0
271,2,0.3174538745387455,0.7428413284132934,0.4373247232472344,47574.0
271,3,0.34369208692086994,0.35410209102091106,0.33751127511275286,43524.0
271,Micro Avg,0.32569085690856897,0.32569085690856897,0.32569085690856897,156000.0
271,Macro Avg,0.16558835588355897,0.27424764247642,0.19379663796638125,156000.0
271,weighted avg ,0.20603526035260378,0.32569085690856897,0.23782697826978413,156000.0
Epoch,class,precision,recall,fscore,support
272,0,0.0,0.0,0.0,34593.0
272,1,0.0,0.0,0.0,30543.0
272,2,0.3173937908496733,0.7428329248366108,0.4372569444444464,47742.0
272,3,0.34373161764705973,0.35403390522875905,0.33750612745098196,43698.0
272,Micro Avg,0.32566380718954246,0.32566380718954246,0.32566380718954246,156576.0
272,Macro Avg,0.16558619281045764,0.27422794117646576,0.1937785947712434,156576.0
272,weighted avg ,0.20604575163398717,0.32566380718954246,0.2378186274509819,156576.0
Epoch,class,precision,recall,fscore,support
273,0,0.0,0.0,0.0,34723.0
273,1,0.0,0.0,0.0,30646.0
273,2,0.3173911273911274,0.7428245828245923,0.4372629222629244,47922.0
273,3,0.3436670736670745,0.3537993487993496,0.3373748473748489,43861.0
273,Micro Avg,0.3256450956450956,0.3256450956450956,0.3256450956450956,157152.0
273,Macro Avg,0.16556369556369566,0.27416768416767934,0.19374847374847526,157152.0
273,weighted avg ,0.20604599104599133,0.3256450956450956,0.2378042328042344,157152.0
Epoch,class,precision,recall,fscore,support
274,0,0.0,0.0,0.0,34855.0
274,1,0.0,0.0,0.0,30765.0
274,2,0.3172450841273059,0.7426251773768594,0.4370930468274906,48097.0
274,3,0.34372187309953456,0.3537684978714786,0.33739914859112263,44043.0
274,Micro Avg,0.3255645651733225,0.3255645651733225,0.3255645651733225,157760.0
274,Macro Avg,0.16554226636934935,0.274115142915057,0.19371579160754254,157760.0
274,weighted avg ,0.20601459558078275,0.3255645651733225,0.23775390229069696,157760.0
Epoch,class,precision,recall,fscore,support
275,0,0.0,0.0,0.0,34966.0
275,1,0.0,0.0,0.0,30887.0
275,2,0.3172934760654412,0.7426358311452328,0.43715814986871576,48281.0
275,3,0.3436820844273892,0.3537446980408006,0.3373762876186645,44202.0
275,Micro Avg,0.3255867501514845,0.3255867501514845,0.3255867501514845,158336.0
275,Macro Avg,0.16554029488992134,0.27411230054533947,0.19372853968895326,158336.0
275,weighted avg ,0.20601090688749774,0.3255867501514845,0.2377661078570002,158336.0
Epoch,class,precision,recall,fscore,support
276,0,0.0,0.0,0.0,35098.0
276,1,0.0,0.0,0.0,30999.0
276,2,0.3173294425437712,0.7426303079090457,0.4371946065606786,48460.0
276,3,0.3436546588850882,0.35380961964177976,0.3373717045683252,44355.0
276,Micro Avg,0.32559669953713016,0.32559669953713016,0.32559669953713016,158912.0
276,Macro Avg,0.1655423626484203,0.2741296035419552,0.19373918293419357,158912.0
276,weighted avg ,0.2060132823505738,0.32559669953713016,0.23776816260817227,158912.0
Epoch,class,precision,recall,fscore,support
277,0,0.0,0.0,0.0,35232.0
277,1,0.0,0.0,0.0,31125.0
277,2,0.3172207740124322,0.7425325847202824,0.43706436735512594,48625.0
277,3,0.34345899338279595,0.35371365550431194,0.3372388209344312,44506.0
277,Micro Avg,0.32545618608381793,0.32545618608381793,0.32545618608381793,159488.0
277,Macro Avg,0.16546220172448373,0.27408060958491587,0.1936675355925421,159488.0
277,weighted avg ,0.20586725486264326,0.32545618608381793,0.2376358532183694,159488.0
Epoch,class,precision,recall,fscore,support
278,0,0.0,0.0,0.0,35356.0
278,1,0.0,0.0,0.0,31233.0
278,2,0.3172707292707291,0.7425154845154943,0.4371028971028998,48808.0
278,3,0.34354245754245827,0.3537382617382625,0.33726073926074096,44667.0
278,Micro Avg,0.3254965034965035,0.3254965034965035,0.3254965034965035,160064.0
278,Macro Avg,0.16549450549450556,0.2740799200799151,0.1936823176823192,160064.0
278,weighted avg ,0.20594605394605436,0.3254965034965035,0.23769030969031135,160064.0
Epoch,class,precision,recall,fscore,support
279,0,0.0,0.0,0.0,35475.0
279,1,0.0,0.0,0.0,31348.0
279,2,0.31740195102528346,0.7427712522397073,0.437280509655587,48991.0
279,3,0.34354369898467124,0.35367111288074937,0.3372486561815665,44826.0
279,Micro Avg,0.32558829384829785,0.32558829384829785,0.32558829384829785,160640.0
279,Macro Avg,0.16552657774238513,0.27412502488552154,0.193724865618158,160640.0
279,weighted avg ,0.20598845311566838,0.32558829384829785,0.23775034839737372,160640.0
Epoch,class,precision,recall,fscore,support
280,0,0.0,0.0,0.0,35595.0
280,1,0.0,0.0,0.0,31464.0
280,2,0.31744098393175935,0.7427435032731701,0.43730212259472606,49175.0
280,3,0.3435330291608815,0.3536540368974418,0.3372366593929793,44982.0
280,Micro Avg,0.3255980956159494,0.3255980956159494,0.3255980956159494,161216.0
280,Macro Avg,0.16553064868081743,0.2741162467764282,0.19372743503273315,161216.0
280,weighted avg ,0.20599880975996873,0.3255980956159494,0.23775243007339972,161216.0
Epoch,class,precision,recall,fscore,support
281,0,0.0,0.0,0.0,35716.0
281,1,0.0,0.0,0.0,31569.0
281,2,0.3174856691045659,0.7428622257363215,0.4373729986163301,49357.0
281,3,0.34360347894840954,0.3536311524016612,0.3372524214271613,45150.0
281,Micro Avg,0.3256355010871715,0.3256355010871715,0.3256355010871715,161792.0
281,Macro Avg,0.1655603874283456,0.2741411346115782,0.1937477762403653,161792.0
281,weighted avg ,0.20604269618501736,0.3256355010871715,0.23777821703894209,161792.0
Epoch,class,precision,recall,fscore,support
282,0,0.0,0.0,0.0,35867.0
282,1,0.0,0.0,0.0,31683.0
282,2,0.31733307071104966,0.7428146543234294,0.4372129210163511,49512.0
282,3,0.3437285798700027,0.3537561552097703,0.3373764033878292,45306.0
282,Micro Avg,0.3255485522946624,0.3255485522946624,0.3255485522946624,162368.0
282,Macro Avg,0.1655524916289148,0.2741599369706467,0.19373842820563486,162368.0
282,weighted avg ,0.205966121725429,0.3255485522946624,0.2376895804609038,162368.0
Epoch,class,precision,recall,fscore,support
283,0,0.0,0.0,0.0,36001.0
283,1,0.0,0.0,0.0,31798.0
283,2,0.3173150147203138,0.7428302257114919,0.4372011776251255,49686.0
283,3,0.34372325809617355,0.353772325809618,0.3373994111874403,45459.0
283,Micro Avg,0.325542688910697,0.325542688910697,0.325542688910697,162944.0
283,Macro Avg,0.1655485770363102,0.27416879293424407,0.19374288518155217,162944.0
283,weighted avg ,0.2059195289499515,0.325542688910697,0.23765848871442763,162944.0
Epoch,class,precision,recall,fscore,support
284,0,0.0,0.0,0.0,36127.0
284,1,0.0,0.0,0.0,31916.0
284,2,0.3173498924310579,0.7429376100137006,0.4372521024838674,49861.0
284,3,0.34382554273420785,0.35386074711519727,0.33748875415607454,45616.0
284,Micro Avg,0.32557598278896954,0.32557598278896954,0.32557598278896954,163520.0
284,Macro Avg,0.16558185018580102,0.2742186583219193,0.1937766477606118,163520.0
284,weighted avg ,0.20593976139252956,0.32557598278896954,0.2376784666536298,163520.0
Epoch,class,precision,recall,fscore,support
285,0,0.0,0.0,0.0,36259.0
285,1,0.0,0.0,0.0,32015.0
285,2,0.31729292535568093,0.7428123172870886,0.43718768271292413,50034.0
285,3,0.34390177353342527,0.3539017735334249,0.33754238939777986,45788.0
285,Micro Avg,0.32557201325277746,0.32557201325277746,0.32557201325277746,164096.0
285,Macro Avg,0.16558565581757953,0.2741960631455804,0.19377509257454847,164096.0
285,weighted avg ,0.2059501071915813,0.32557201325277746,0.23768076398363078,164096.0
Epoch,class,precision,recall,fscore,support
286,0,0.0,0.0,0.0,36397.0
286,1,0.0,0.0,0.0,32135.0
286,2,0.317203340454457,0.7427267430569142,0.43707710234997366,50196.0
286,3,0.34393280248592056,0.3539774713536616,0.33755098077296725,45944.0
286,Micro Avg,0.3254903864828124,0.3254903864828124,0.3254903864828124,164672.0
286,Macro Avg,0.16557001359487297,0.2741891629442558,0.19375218489027157,164672.0
286,weighted avg ,0.20591571178869758,0.3254903864828124,0.23760924451349968,164672.0
Epoch,class,precision,recall,fscore,support
287,0,0.0,0.0,0.0,36512.0
287,1,0.0,0.0,0.0,32255.0
287,2,0.31723437197600135,0.7427753048190538,0.43710857364041317,50370.0
287,3,0.3441029610992848,0.3540739307141483,0.3376698277530498,46111.0
287,Micro Avg,0.325548674279079,0.325548674279079,0.325548674279079,165248.0
287,Macro Avg,0.1656202825624155,0.27422875943486996,0.19378362686278464,165248.0
287,weighted avg ,0.20600928972324442,0.325548674279079,0.23767369847106848,165248.0
Epoch,class,precision,recall,fscore,support
288,0,0.0,0.0,0.0,36632.0
288,1,0.0,0.0,0.0,32370.0
288,2,0.3172266152362582,0.7427174541948027,0.4370858244937348,50543.0
288,3,0.34416393442623033,0.3541600771456131,0.3377222757955657,46279.0
288,Micro Avg,0.32556605593056925,0.32556605593056925,0.32556605593056925,165824.0
288,Macro Avg,0.16563548698167807,0.27423529411764175,0.19378784956605752,165824.0
288,weighted avg ,0.20605400192864115,0.32556605593056925,0.23770491803278898,165824.0
Epoch,class,precision,recall,fscore,support
289,0,0.0,0.0,0.0,36741.0
289,1,0.0,0.0,0.0,32487.0
289,2,0.31720353642129523,0.7425177782048918,0.4370401691331954,50714.0
289,3,0.34392273688256864,0.3540380549682883,0.33754372477417033,46426.0
289,Micro Avg,0.325496828752643,0.325496828752643,0.325496828752643,166368.0
289,Macro Avg,0.16556794157217003,0.274153373054002,0.19373438400922707,166368.0
289,weighted avg ,0.2059850086488573,0.325496828752643,0.23765135498750936,166368.0
Epoch,class,precision,recall,fscore,support
290,0,0.0,0.0,0.0,36871.0
290,1,0.0,0.0,0.0,32599.0
290,2,0.317267330524703,0.7425201072386158,0.43710838759096426,50903.0
290,3,0.34387207966296524,0.35400804289544324,0.3374837227116064,46603.0
290,Micro Avg,0.32551321332822714,0.32551321332822714,0.32551321332822714,166976.0
290,Macro Avg,0.16557257755649193,0.27414017617770436,0.1937399463806987,166976.0
290,weighted avg ,0.2060091918805065,0.32551321332822714,0.23767522022213927,166976.0
Epoch,class,precision,recall,fscore,support
291,0,0.0,0.0,0.0,37001.0
291,1,0.0,0.0,0.0,32699.0
291,2,0.3173187022900762,0.7425190839694757,0.43716221374046116,51088.0
291,3,0.34383396946564976,0.354007633587787,0.33746755725190997,46764.0
291,Micro Avg,0.325562977099237,0.325562977099237,0.325562977099237,167552.0
291,Macro Avg,0.16557633587786277,0.27413549618320077,0.19375190839694822,167552.0
291,weighted avg ,0.20603053435114602,0.325562977099237,0.23771564885496407,167552.0
Epoch,class,precision,recall,fscore,support
292,0,0.0,0.0,0.0,37131.0
292,1,0.0,0.0,0.0,32801.0
292,2,0.31731647014073777,0.7425713198935057,0.4371624191707904,51259.0
292,3,0.3440794979079507,0.3541099277291753,0.33760365157854866,46937.0
292,Micro Avg,0.3256085964244964,0.3256085964244964,0.3256085964244964,168128.0
292,Macro Avg,0.16563712438189443,0.2741764929630985,0.19378470901483622,168128.0
292,weighted avg ,0.2061068847470531,0.3256085964244964,0.23776150627615286,168128.0
Epoch,class,precision,recall,fscore,support
293,0,0.0,0.0,0.0,37257.0
293,1,0.0,0.0,0.0,32904.0
293,2,0.3172384382107655,0.7424222896133534,0.4370583775587596,51432.0
293,3,0.3441072782410927,0.3540371493555732,0.3375985595147856,47111.0
293,Micro Avg,0.3255742987111452,0.3255742987111452,0.3255742987111452,168704.0
293,Macro Avg,0.16562168309325262,0.2741224412433608,0.19375663381349678,168704.0
293,weighted avg ,0.2061201667930261,0.3255742987111452,0.2377558756633836,168704.0
Epoch,class,precision,recall,fscore,support
294,0,0.0,0.0,0.0,37382.0
294,1,0.0,0.0,0.0,33010.0
294,2,0.31727049489988646,0.7423290517567156,0.43707782395164646,51616.0
294,3,0.34412353607858054,0.35406497922176117,0.337612391386477,47272.0
294,Micro Avg,0.3256006800151118,0.3256006800151118,0.3256006800151118,169280.0
294,Macro Avg,0.1656346807706839,0.274106535700788,0.1937627502833414,169280.0
294,weighted avg ,0.2061484699660004,0.3256006800151118,0.23779561768039514,169280.0
Epoch,class,precision,recall,fscore,support
295,0,0.0,0.0,0.0,37514.0
295,1,0.0,0.0,0.0,33116.0
295,2,0.3173230421686746,0.7424002259036245,0.43714043674699105,51794.0
295,3,0.3442356927710854,0.35424698795180787,0.33774661144578483,47432.0
295,Micro Avg,0.3256890060240968,0.3256890060240968,0.3256890060240968,169856.0
295,Macro Avg,0.16567959337349406,0.2741641566265007,0.19381400602409826,169856.0
295,weighted avg ,0.2062236445783145,0.3256890060240968,0.23787274096385777,169856.0
Epoch,class,precision,recall,fscore,support
296,0,0.0,0.0,0.0,37629.0
296,1,0.0,0.0,0.0,33234.0
296,2,0.3173058161350843,0.7422795497185842,0.4371050656660445,51969.0
296,3,0.34433020637898787,0.354401500938087,0.33787429643527384,47600.0
296,Micro Avg,0.32571294559099473,0.32571294559099473,0.32571294559099473,170432.0
296,Macro Avg,0.16569606003752355,0.2741726078799196,0.1938386491557243,170432.0
296,weighted avg ,0.20625891181988878,0.32571294559099473,0.23791181988743207,170432.0
Epoch,class,precision,recall,fscore,support
297,0,0.0,0.0,0.0,37750.0
297,1,0.0,0.0,0.0,33344.0
297,2,0.31728870605833953,0.7422176514584994,0.4370680628272284,52145.0
297,3,0.3444184741959621,0.3544296933433065,0.33793754674644905,47769.0
297,Micro Avg,0.3257124158563952,0.3257124158563952,0.3257124158563952,171008.0
297,Macro Avg,0.16571428571428581,0.27416417352280686,0.19384068810770597,171008.0
297,weighted avg ,0.20630516080778005,0.3257124158563952,0.23794315632012214,171008.0
Epoch,class,precision,recall,fscore,support
298,0,0.0,0.0,0.0,37869.0
298,1,0.0,0.0,0.0,33462.0
298,2,0.3173387998509131,0.7422251211330702,0.4371207603429031,52330.0
298,3,0.3443999254565795,0.35437756243011626,0.33790346626910356,47923.0
298,Micro Avg,0.32574170704435373,0.32574170704435373,0.32574170704435373,171584.0
298,Macro Avg,0.16571934401789054,0.2741502049944038,0.1938464405516236,171584.0
298,weighted avg ,0.20631196421915912,0.32574170704435373,0.23795564666418437,171584.0
Epoch,class,precision,recall,fscore,support
299,0,0.0,0.0,0.0,37982.0
299,1,0.0,0.0,0.0,33572.0
299,2,0.3172919762258543,0.7421545319465184,0.43706537890044905,52491.0
299,3,0.34444279346211093,0.35442236255572135,0.3379624814264505,48083.0
299,Micro Avg,0.3257243684992575,0.3257243684992575,0.3257243684992575,172128.0
299,Macro Avg,0.16571693907875198,0.2741419019316439,0.19384658246656994,172128.0
299,weighted avg ,0.20630757800891678,0.3257243684992575,0.23794947994056706,172128.0
Epoch,class,precision,recall,fscore,support
300,0,0.0,0.0,0.0,38118.0
300,1,0.0,0.0,0.0,33684.0
300,2,0.31727878563494993,0.7421177341725388,0.4370473898556123,52660.0
300,3,0.34442798963347004,0.3544557571269906,0.33799888930026095,48242.0
300,Micro Avg,0.32572195483154437,0.32572195483154437,0.32572195483154437,172704.0
300,Macro Avg,0.16571269900037036,0.27413920770084604,0.1938541281007059,172704.0
300,weighted avg ,0.2062865605331374,0.32572195483154437,0.23794890781192402,172704.0
Epoch,class,precision,recall,fscore,support
301,0,0.0,0.0,0.0,38242.0
301,1,0.0,0.0,0.0,33799.0
301,2,0.3173118081180812,0.7420867158671688,0.4370664206642099,52840.0
301,3,0.34441143911439204,0.35451107011070176,0.3380350553505553,48399.0
301,Micro Avg,0.3257398523985246,0.3257398523985246,0.3257398523985246,173280.0
301,Macro Avg,0.16571586715867176,0.27414944649445944,0.19387084870848964,173280.0
301,weighted avg ,0.2062730627306289,0.3257398523985246,0.2379612546125487,173280.0
Epoch,class,precision,recall,fscore,support
302,0,0.0,0.0,0.0,38362.0
302,1,0.0,0.0,0.0,33914.0
302,2,0.31735196763516,0.7422489885987598,0.4371349760941554,53016.0
302,3,0.3443821257815383,0.3544832659065839,0.33799374770136253,48564.0
302,Micro Avg,0.32575763148216313,0.32575763148216313,0.32575763148216313,173856.0
302,Macro Avg,0.16572085325487332,0.27418720117689777,0.19387642515631018,173856.0
302,weighted avg ,0.2062743655755809,0.32575763148216313,0.23795880838543837,173856.0
Epoch,class,precision,recall,fscore,support
303,0,0.0,0.0,0.0,38487.0
303,1,0.0,0.0,0.0,34024.0
303,2,0.3174468475073314,0.7422983870967844,0.4372342375366599,53201.0
303,3,0.34439149560117394,0.3545271260997074,0.3380205278592393,48720.0
303,Micro Avg,0.3258229472140769,0.3258229472140769,0.3258229472140769,174432.0
303,Macro Avg,0.1657459677419357,0.27420821114368943,0.1939076246334339,174432.0
303,weighted avg ,0.2063123167155442,0.3258229472140769,0.23801319648094094,174432.0
Epoch,class,precision,recall,fscore,support
304,0,0.0,0.0,0.0,38619.0
304,1,0.0,0.0,0.0,34140.0
304,2,0.31739313116550977,0.7422013153087424,0.43715929850201235,53370.0
304,3,0.3441834124954338,0.35439349652904706,0.33786445012787897,48879.0
304,Micro Avg,0.3257289002557552,0.3257289002557552,0.3257289002557552,175008.0
304,Macro Avg,0.16567957617829765,0.27414504932407185,0.19384362440628713,175008.0
304,weighted avg ,0.20620752648885812,0.3257289002557552,0.23792108147607127,175008.0
Epoch,class,precision,recall,fscore,support
305,0,0.0,0.0,0.0,38756.0
305,1,0.0,0.0,0.0,34247.0
305,2,0.31737618353969416,0.7421522214129744,0.43712672978878664,53550.0
305,3,0.3440841223597969,0.3542607428987624,0.33774581209031496,49031.0
305,Micro Avg,0.32568281136198185,0.32568281136198185,0.32568281136198185,175584.0
305,Macro Avg,0.16564639475600904,0.2741041514930752,0.1938055353241108,175584.0
305,weighted avg ,0.20616168973051885,0.32568281136198185,0.23787327021121893,175584.0
Epoch,class,precision,recall,fscore,support
306,0,0.0,0.0,0.0,38890.0
306,1,0.0,0.0,0.0,34357.0
306,2,0.3173688985665034,0.7420831065142544,0.43710941752858223,53735.0
306,3,0.34407004173471334,0.35427871529668,0.3377626565051733,49210.0
306,Micro Avg,0.32567410633278976,0.32567410633278976,0.32567410633278976,176192.0
306,Macro Avg,0.16564144438395967,0.27409000181454707,0.19380693159136586,176192.0
306,weighted avg ,0.20615677735438398,0.32567410633278976,0.23787334422065223,176192.0
Epoch,class,precision,recall,fscore,support
307,0,0.0,0.0,0.0,39019.0
307,1,0.0,0.0,0.0,34469.0
307,2,0.3173648037619824,0.7420311086995941,0.43710978477120943,53914.0
307,3,0.34407487791644153,0.3543443660698143,0.3377916440586018,49366.0
307,Micro Avg,0.3256899981913555,0.3256899981913555,0.3256899981913555,176768.0
307,Macro Avg,0.16564116476758936,0.27408934707903215,0.19381081569904463,176768.0
307,weighted avg ,0.20613854223187023,0.3256899981913555,0.2378712244528874,176768.0
Epoch,class,precision,recall,fscore,support
308,0,0.0,0.0,0.0,39147.0
308,1,0.0,0.0,0.0,34563.0
308,2,0.3174310438074637,0.7420191094285299,0.4371678384712489,54101.0
308,3,0.34423832702361734,0.35443302686136713,0.33787813232378033,49533.0
308,Micro Avg,0.3257670813052109,0.3257670813052109,0.3257670813052109,177344.0
308,Macro Avg,0.16569857580674266,0.27410852713177725,0.19384712457184394,177344.0
308,weighted avg ,0.20624481701821,0.3257670813052109,0.23795565170362618,177344.0
Epoch,class,precision,recall,fscore,support
309,0,0.0,0.0,0.0,39275.0
309,1,0.0,0.0,0.0,34672.0
309,2,0.31740880503144664,0.7419730458221121,0.43712488769092867,54278.0
309,3,0.3442911051212947,0.35441689128481646,0.33786702605570695,49695.0
309,Micro Avg,0.3257484276729569,0.3257484276729569,0.3257484276729569,177920.0
309,Macro Avg,0.16571069182389964,0.27409523809523234,0.19383468104223153,177920.0
309,weighted avg ,0.20628391734052312,0.3257484276729569,0.2379532794249802,177920.0
Epoch,class,precision,recall,fscore,support
310,0,0.0,0.0,0.0,39398.0
310,1,0.0,0.0,0.0,34777.0
310,2,0.31745835572272985,0.7420634067705631,0.4371950564212821,54461.0
310,3,0.3443972774494009,0.3544223535733484,0.3379222640157638,49860.0
310,Micro Avg,0.32579795808705087,0.32579795808705087,0.32579795808705087,178496.0
310,Macro Avg,0.16574780583915477,0.27411964893425894,0.19386351423965956,178496.0
310,weighted avg ,0.20632993014508538,0.32579795808705087,0.23799391008418677,178496.0
Epoch,class,precision,recall,fscore,support
311,0,0.0,0.0,0.0,39523.0
311,1,0.0,0.0,0.0,34890.0
311,2,0.31743438671665797,0.7420032137118467,0.4371719335832919,54630.0
311,3,0.344449205499019,0.35442956614890275,0.33795750758793236,50029.0
311,Micro Avg,0.32577575432958494,0.32577575432958494,0.32577575432958494,179072.0
311,Macro Avg,0.16575611497946816,0.27410819496517896,0.19386716657740036,179072.0
311,weighted avg ,0.20631494376004494,0.32577575432958494,0.2379807177289797,179072.0
Epoch,class,precision,recall,fscore,support
312,0,0.0,0.0,0.0,39647.0
312,1,0.0,0.0,0.0,35002.0
312,2,0.3175120128136681,0.7421445096992443,0.43728065492080764,54813.0
312,3,0.3444919024737508,0.35447944474105797,0.33801210179747454,50186.0
312,Micro Avg,0.32584089695675483,0.32584089695675483,0.32584089695675483,179648.0
312,Macro Avg,0.16578928634988455,0.27415732336714127,0.19390638903719878,179648.0
312,weighted avg ,0.2063516639971547,0.32584089695675483,0.23802989855846507,179648.0
Epoch,class,precision,recall,fscore,support
313,0,0.0,0.0,0.0,39772.0
313,1,0.0,0.0,0.0,35123.0
313,2,0.31752350541067964,0.7420986340252003,0.4372875643072589,54986.0
313,3,0.34449884690438276,0.3546283484122768,0.3380911832535053,50343.0
313,Micro Avg,0.3258541777541255,0.3258541777541255,0.3258541777541255,180224.0
313,Macro Avg,0.16579031399680705,0.2741830761043048,0.19392584708178479,180224.0
313,weighted avg ,0.20634202590030382,0.3258541777541255,0.23803973744900042,180224.0
Epoch,class,precision,recall,fscore,support
314,0,0.0,0.0,0.0,39909.0
314,1,0.0,0.0,0.0,35242.0
314,2,0.3174836427939879,0.7421396993810883,0.43726436781609523,55151.0
314,3,0.34450397877984185,0.35464898320070803,0.33810079575596974,50498.0
314,Micro Avg,0.32581255526083214,0.32581255526083214,0.32581255526083214,180800.0
314,Macro Avg,0.16578426171529642,0.2741962864721425,0.19392219274978278,180800.0
314,weighted avg ,0.20629531388152314,0.32581255526083214,0.23798585322723534,180800.0
Epoch,class,precision,recall,fscore,support
315,0,0.0,0.0,0.0,40036.0
315,1,0.0,0.0,0.0,35351.0
315,2,0.31749338974087815,0.7420588753745906,0.43727481050590844,55324.0
315,3,0.3444315177154954,0.3546659615723611,0.33808743169399064,50665.0
315,Micro Avg,0.32580821434867013,0.32580821434867013,0.32580821434867013,181376.0
315,Macro Avg,0.16576943416181936,0.27417944650096343,0.1939185616076189,181376.0
315,weighted avg ,0.20627886479816918,0.32580821434867013,0.23798519301956916,181376.0
Epoch,class,precision,recall,fscore,support
316,0,0.0,0.0,0.0,40157.0
316,1,0.0,0.0,0.0,35463.0
316,2,0.31753646107889677,0.742080477947646,0.4373097873835914,55501.0
316,3,0.3445967316816036,0.354793533649623,0.33821296784396565,50831.0
316,Micro Avg,0.3258706729924452,0.3258706729924452,0.3258706729924452,181952.0
316,Macro Avg,0.1658232296608682,0.274217185028987,0.19395888244597126,181952.0
316,weighted avg ,0.2063732208750683,0.3258706729924452,0.23806185204709468,181952.0
Epoch,class,precision,recall,fscore,support
317,0,0.0,0.0,0.0,40293.0
317,1,0.0,0.0,0.0,35576.0
317,2,0.31758801891749894,0.7421895253109221,0.43739008582939554,55681.0
317,3,0.3444298476090395,0.35469259064634867,0.33809423716938314,50978.0
317,Micro Avg,0.32586792783324675,0.32586792783324675,0.32586792783324675,182528.0
317,Macro Avg,0.1657926081625505,0.2742161499386871,0.19394990366089038,182528.0
317,weighted avg ,0.20629181993344087,0.32586792783324675,0.23801891749868914,182528.0
Epoch,class,precision,recall,fscore,support
318,0,0.0,0.0,0.0,40418.0
318,1,0.0,0.0,0.0,35683.0
318,2,0.3176584599266635,0.7422437576392622,0.437466387288287,55859.0
318,3,0.3445800593679076,0.35477911646586435,0.33821197834817684,51144.0
318,Micro Avg,0.3259437751004027,0.3259437751004027,0.3259437751004027,183104.0
318,Macro Avg,0.16584948489610632,0.27425004365286615,0.19400209533787735,183104.0
318,weighted avg ,0.2063698271346279,0.3259437751004027,0.23809673476515042,183104.0
Epoch,class,precision,recall,fscore,support
319,0,0.0,0.0,0.0,40551.0
319,1,0.0,0.0,0.0,35789.0
319,2,0.3176849434290691,0.742200174064413,0.43749173194082164,56043.0
319,3,0.34449434290687664,0.3547449956483908,0.3381618798955629,51297.0
319,Micro Avg,0.3259495213228905,0.3259495213228905,0.3259495213228905,183680.0
319,Macro Avg,0.16583463881636218,0.27423324630112517,0.19399303742385107,183680.0
319,weighted avg ,0.20635161009573788,0.3259495213228905,0.23809225413403254,183680.0
Epoch,class,precision,recall,fscore,support
320,0,0.0,0.0,0.0,40683.0
320,1,0.0,0.0,0.0,35911.0
320,2,0.31762276592052796,0.7420978656949595,0.43741974665972944,56211.0
320,3,0.3444508068714222,0.3547943779281633,0.3381467985424273,51451.0
320,Micro Avg,0.3258927641853212,0.3258927641853212,0.3258927641853212,184256.0
320,Macro Avg,0.16580773902481355,0.27422175950025396,0.19397015443345914,184256.0
320,weighted avg ,0.2062988027069259,0.3258927641853212,0.23804095089363472,184256.0
Epoch,class,precision,recall,fscore,support
321,0,0.0,0.0,0.0,40807.0
321,1,0.0,0.0,0.0,36018.0
321,2,0.3176993599723236,0.7421155509427522,0.43750562186473296,56399.0
321,3,0.3445217090468787,0.3549074554575342,0.3382442483999323,51608.0
321,Micro Avg,0.3259712852447684,0.3259712852447684,0.3259712852447684,184832.0
321,Macro Avg,0.16584154990486083,0.2742535893443977,0.19401660612351243,184832.0
321,weighted avg ,0.20635357204636112,0.3259712852447684,0.23811105345096303,184832.0
Epoch,class,precision,recall,fscore,support
322,0,0.0,0.0,0.0,40939.0
322,1,0.0,0.0,0.0,36119.0
322,2,0.317774137931035,0.7421931034482844,0.43759482758621054,56598.0
322,3,0.3446137931034493,0.3548482758620699,0.3382655172413808,51784.0
322,Micro Avg,0.3260500000000012,0.3260500000000012,0.3260500000000012,185440.0
322,Macro Avg,0.1658793103448277,0.27426034482757977,0.1940465517241424,185440.0
322,weighted avg ,0.20642758620689894,0.3260500000000012,0.23817758620689955,185440.0
Epoch,class,precision,recall,fscore,support
323,0,0.0,0.0,0.0,41062.0
323,1,0.0,0.0,0.0,36225.0
323,2,0.31779649364042667,0.7422791337229371,0.43762461326916824,56773.0
323,3,0.34461670677208767,0.3547971811619123,0.33825713303540883,51956.0
323,Micro Avg,0.32607768992781144,0.32607768992781144,0.32607768992781144,186016.0
323,Macro Avg,0.16588862151942255,0.2742677896184191,0.19404950154692788,186016.0
323,weighted avg ,0.20646270195943867,0.32607768992781144,0.23821072533516968,186016.0
Epoch,class,precision,recall,fscore,support
324,0,0.0,0.0,0.0,41192.0
324,1,0.0,0.0,0.0,36328.0
324,2,0.317861549006169,0.742328649760118,0.4377004797806754,56958.0
324,3,0.3445681973954774,0.35475496915695776,0.3382213845099399,52114.0
324,Micro Avg,0.32612234407128293,0.32612234407128293,0.32612234407128293,186592.0
324,Macro Avg,0.1658910212474298,0.27427004797806065,0.19406100068540563,186592.0
324,weighted avg ,0.2064770390678572,0.32612234407128293,0.23824537354352593,186592.0
Epoch,class,precision,recall,fscore,support
325,0,0.0,0.0,0.0,41325.0
325,1,0.0,0.0,0.0,36440.0
325,2,0.3178117526477626,0.7423368636829603,0.43764092927912907,57127.0
325,3,0.3444926545951497,0.35468056030064987,0.3381568158524101,52276.0
325,Micro Avg,0.32607106252135415,0.32607106252135415,0.32607106252135415,187168.0
325,Macro Avg,0.16585753331055697,0.2742535018790505,0.19402972326614754,187168.0
325,weighted avg ,0.20642637512811998,0.32607106252135415,0.23819439699351172,187168.0
Epoch,class,precision,recall,fscore,support
326,0,0.0,0.0,0.0,41461.0
326,1,0.0,0.0,0.0,36538.0
326,2,0.317796321525886,0.7422258174387004,0.43761580381471765,57308.0
326,3,0.3444533378746606,0.35467302452316146,0.3381250000000015,52437.0
326,Micro Avg,0.3260626702997288,0.3260626702997288,0.3260626702997288,187744.0
326,Macro Avg,0.16584468664850144,0.27422343324250026,0.1940173705722119,187744.0
326,weighted avg ,0.20641008174387168,0.3260626702997288,0.23818801089918556,187744.0
Epoch,class,precision,recall,fscore,support
327,0,0.0,0.0,0.0,41577.0
327,1,0.0,0.0,0.0,36655.0
327,2,0.3178200339558578,0.7422105263157976,0.437624787775895,57494.0
327,3,0.34451612903225937,0.3546926994906627,0.33815789473684355,52594.0
327,Micro Avg,0.32607979626485695,0.32607979626485695,0.32607979626485695,188320.0
327,Macro Avg,0.1658692699490663,0.27422410865873703,0.19402886247878257,188320.0
327,weighted avg ,0.20644821731748986,0.32607979626485695,0.23821901528013886,188320.0
Epoch,class,precision,recall,fscore,support
328,0,0.0,0.0,0.0,41696.0
328,1,0.0,0.0,0.0,36768.0
328,2,0.3178232904536226,0.7423256601218768,0.4376404874746143,57667.0
328,3,0.34465132024373857,0.35468348002708244,0.3382176709546394,52765.0
328,Micro Avg,0.32611882193635877,0.32611882193635877,0.32611882193635877,188896.0
328,Macro Avg,0.16590216655382545,0.27425355450236294,0.19404705484089876,188896.0
328,weighted avg ,0.20651828029790376,0.32611882193635877,0.23825829383886554,188896.0
Epoch,class,precision,recall,fscore,support
329,0,0.0,0.0,0.0,41833.0
329,1,0.0,0.0,0.0,36886.0
329,2,0.3177691528855893,0.7422089098886344,0.43755315558555863,57836.0
329,3,0.34462369220384875,0.35479244009449945,0.3382348970637883,52917.0
329,Micro Avg,0.32605804927438536,0.32605804927438536,0.32605804927438536,189472.0
329,Macro Avg,0.16587748903138727,0.2742490718865947,0.19402969962875982,189472.0
329,weighted avg ,0.20646810664866957,0.32605804927438536,0.23820789740128556,189472.0
Epoch,class,precision,recall,fscore,support
330,0,0.0,0.0,0.0,41966.0
330,1,0.0,0.0,0.0,36996.0
330,2,0.31772711978465723,0.7421736204576121,0.43751345895020555,58004.0
330,3,0.34462483176312375,0.3547779273216696,0.3382402422611054,53082.0
330,Micro Avg,0.32602288021534453,0.32602288021534453,0.32602288021534453,190048.0
330,Macro Avg,0.16586473755047118,0.2742345222072611,0.19402422611036865,190048.0
330,weighted avg ,0.20643674293405392,0.32602288021534453,0.23817462987887256,190048.0
Epoch,class,precision,recall,fscore,support
331,0,0.0,0.0,0.0,42092.0
331,1,0.0,0.0,0.0,37098.0
331,2,0.31781616907078203,0.7421855082187264,0.43759308956726295,58195.0
331,3,0.3445907413619603,0.35475176115397583,0.3382203958403239,53239.0
331,Micro Avg,0.3260784971486092,0.3260784971486092,0.3260784971486092,190624.0
331,Macro Avg,0.165878899698088,0.2742334786984166,0.1940372358269091,190624.0
331,weighted avg ,0.206492787655152,0.3260784971486092,0.2382338141563265,190624.0
Epoch,class,precision,recall,fscore,support
332,0,0.0,0.0,0.0,42217.0
332,1,0.0,0.0,0.0,37209.0
332,2,0.31784113712374623,0.7420785953177337,0.4375903010033481,58379.0
332,3,0.3443996655518408,0.3546538461538469,0.3380752508361222,53395.0
332,Micro Avg,0.32605016722408164,0.32605016722408164,0.32605016722408164,191200.0
332,Macro Avg,0.16583612040133788,0.2741806020066822,0.19400000000000542,191200.0
332,weighted avg ,0.2064598662207385,0.32605016722408164,0.23821237458194292,191200.0
Epoch,class,precision,recall,fscore,support
333,0,0.0,0.0,0.0,42350.0
333,1,0.0,0.0,0.0,37313.0
333,2,0.317862620873625,0.7421107035678642,0.4376208736245452,58553.0
333,3,0.3445565188396144,0.35474658219406546,0.3381677225741932,53560.0
333,Micro Avg,0.3260936978993012,0.3260936978993012,0.3260936978993012,191776.0
333,Macro Avg,0.16588029343114383,0.2742097365788528,0.19403134378126594,191776.0
333,weighted avg ,0.20650550183394736,0.3260936978993012,0.2382494164721605,191776.0
Epoch,class,precision,recall,fscore,support
334,0,0.0,0.0,0.0,42475.0
334,1,0.0,0.0,0.0,37428.0
334,2,0.3178706781914899,0.7421243351063913,0.43761801861702493,58733.0
334,3,0.34454787234042683,0.3546941489361709,0.3381050531914911,53716.0
334,Micro Avg,0.3260704787234057,0.3260704787234057,0.3260704787234057,192352.0
334,Macro Avg,0.16587932180851075,0.2741954787233974,0.19401928191489923,192352.0
334,weighted avg ,0.20650432180851339,0.3260704787234057,0.2382230718085138,192352.0
Epoch,class,precision,recall,fscore,support
335,0,0.0,0.0,0.0,42592.0
335,1,0.0,0.0,0.0,37545.0
335,2,0.31792509115014966,0.7422190918130676,0.4376963871395461,58912.0
335,3,0.34458070931388923,0.3546503148823343,0.3380891614186295,53879.0
335,Micro Avg,0.3261186609214466,0.3261186609214466,0.3261186609214466,192928.0
335,Macro Avg,0.16589990056347376,0.27420616506462675,0.19403546569440408,192928.0
335,weighted avg ,0.20653463705668157,0.3261186609214466,0.23825654623798787,192928.0
Epoch,class,precision,recall,fscore,support
336,0,0.0,0.0,0.0,42719.0
336,1,0.0,0.0,0.0,37652.0
336,2,0.31800727032386034,0.7422604097818986,0.43778916060806683,59102.0
336,3,0.34455056179775395,0.3546116986120299,0.33804692663582464,54031.0
336,Micro Avg,0.3261615994712507,0.3261615994712507,0.3261615994712507,193504.0
336,Macro Avg,0.16591044282881703,0.27420522141440146,0.19404990085922588,193504.0
336,weighted avg ,0.2065548578982183,0.3261615994712507,0.23828651685393568,193504.0
Epoch,class,precision,recall,fscore,support
337,0,0.0,0.0,0.0,42848.0
337,1,0.0,0.0,0.0,37758.0
337,2,0.31804448105436617,0.7422965403624464,0.43782372322899843,59285.0
337,3,0.34452883031301584,0.3546787479406926,0.3380395387149935,54189.0
337,Micro Avg,0.3261647446458004,0.3261647446458004,0.3261647446458004,194080.0
337,Macro Avg,0.1659159802306426,0.2742289950576535,0.19405930807249358,194080.0
337,weighted avg ,0.20655683690280358,0.3261647446458004,0.23828500823723542,194080.0
Epoch,class,precision,recall,fscore,support
338,0,0.0,0.0,0.0,42976.0
338,1,0.0,0.0,0.0,37861.0
338,2,0.3181589752011827,0.7424224010510837,0.43795368697651843,59489.0
338,3,0.3446674330760397,0.3547594022006905,0.3381425521432108,54362.0
338,Micro Avg,0.3262867465922169,0.3262867465922169,0.3262867465922169,194688.0
338,Macro Avg,0.16598127771391047,0.27427820660206215,0.19411726063393606,194688.0
338,weighted avg ,0.20667597306618793,0.3262867465922169,0.2383987518475971,194688.0
Epoch,class,precision,recall,fscore,support
339,0,0.0,0.0,0.0,43101.0
339,1,0.0,0.0,0.0,37974.0
339,2,0.31813656459800266,0.7423857868020382,0.4379417062387459,59663.0
339,3,0.3447863107908966,0.35483052235140083,0.33823153757982816,54526.0
339,Micro Avg,0.32630260356967566,0.32630260356967566,0.32630260356967566,195264.0
339,Macro Avg,0.16600458490257097,0.27428688390370987,0.1941395120353753,195264.0
339,weighted avg ,0.2066939577534007,0.32630260356967566,0.23840838382184676,195264.0
Epoch,class,precision,recall,fscore,support
340,0,0.0,0.0,0.0,43227.0
340,1,0.0,0.0,0.0,38081.0
340,2,0.318171428571429,0.7423200000000075,0.4379657142857177,59845.0
340,3,0.3447167346938784,0.3548212244897967,0.3382057142857161,54687.0
340,Micro Avg,0.326302040816328,0.326302040816328,0.326302040816328,195840.0
340,Macro Avg,0.16600000000000012,0.2742693877550948,0.19413877551021022,195840.0
340,weighted avg ,0.20668571428571728,0.326302040816328,0.2384179591836765,195840.0
Epoch,class,precision,recall,fscore,support
341,0,0.0,0.0,0.0,43355.0
341,1,0.0,0.0,0.0,38216.0
341,2,0.3180433013185744,0.7423099462803266,0.43783493407130414,60001.0
341,3,0.3447468663519461,0.3547468663519461,0.33818655380107626,54844.0
341,Micro Avg,0.32620543708286004,0.32620543708286004,0.32620543708286004,196416.0
341,Macro Avg,0.16597590753703415,0.27424711053230594,0.19410060231158047,196416.0
341,weighted avg ,0.20661077649357296,0.32620543708286004,0.23832329480710054,196416.0
Epoch,class,precision,recall,fscore,support
342,0,0.0,0.0,0.0,43472.0
342,1,0.0,0.0,0.0,38333.0
342,2,0.31806687226099706,0.7423178055510546,0.43785262132771,60174.0
342,3,0.34475734458691853,0.3548320077909438,0.33821132932965625,55013.0
342,Micro Avg,0.32621490017854404,0.32621490017854404,0.32621490017854404,196992.0
342,Macro Avg,0.1659860412270737,0.27426878753448386,0.19411459178705395,196992.0
342,weighted avg ,0.2066206784612918,0.32621490017854404,0.23833143970135023,196992.0
Epoch,class,precision,recall,fscore,support
343,0,0.0,0.0,0.0,43604.0
343,1,0.0,0.0,0.0,38440.0
343,2,0.31805470140799524,0.7421233209257236,0.437805470140803,60360.0
343,3,0.3446237255219298,0.3548486810163464,0.33813076549603693,55164.0
343,Micro Avg,0.32617251982521595,0.32617251982521595,0.32617251982521595,197568.0
343,Macro Avg,0.16594918271564998,0.2742272212332019,0.19408480336624698,197568.0
343,weighted avg ,0.2065835895776046,0.32617251982521595,0.23830069590548936,197568.0
Epoch,class,precision,recall,fscore,support
344,0,0.0,0.0,0.0,43740.0
344,1,0.0,0.0,0.0,38549.0
344,2,0.31801516862998264,0.7421042439890345,0.43776504760368273,60529.0
344,3,0.3446490237211561,0.3549411005325165,0.3382039696627419,55326.0
344,Micro Avg,0.3261691140874632,0.3261691140874632,0.3261691140874632,198144.0
344,Macro Avg,0.16594481200580957,0.27424560271098186,0.19409714377925458,198144.0
344,weighted avg ,0.20657092141359032,0.3261691140874632,0.23829917702114228,198144.0
Epoch,class,precision,recall,fscore,support
345,0,0.0,0.0,0.0,43860.0
345,1,0.0,0.0,0.0,38638.0
345,2,0.31805470635559163,0.741950120675792,0.43775864843121826,60717.0
345,3,0.3446339501206764,0.3549412711182632,0.3382075623491571,55505.0
345,Micro Avg,0.32619629927594684,0.32619629927594684,0.32619629927594684,198720.0
345,Macro Avg,0.16595012067578485,0.2742059533386894,0.1940981496379793,198720.0
345,weighted avg ,0.20663234111022033,0.32619629927594684,0.2383636363636393,198720.0
Epoch,class,precision,recall,fscore,support
346,0,0.0,0.0,0.0,43985.0
346,1,0.0,0.0,0.0,38754.0
346,2,0.31806032408150203,0.7419653457404214,0.4377715385849544,60892.0
346,3,0.3446205679448106,0.35491095780523113,0.33818225573560273,55665.0
346,Micro Avg,0.326196053264882,0.326196053264882,0.326196053264882,199296.0
346,Macro Avg,0.16595058559281306,0.2742050377025436,0.1940927322316769,199296.0
346,weighted avg ,0.2066228140542307,0.326196053264882,0.23836034012514337,199296.0
Epoch,class,precision,recall,fscore,support
347,0,0.0,0.0,0.0,44105.0
347,1,0.0,0.0,0.0,38875.0
347,2,0.3180003199488085,0.7417613181890973,0.43767717165253894,61071.0
347,3,0.34450487921932565,0.35484722444408984,0.3380675091985303,55821.0
347,Micro Avg,0.3261126219804847,0.3261126219804847,0.3261126219804847,199872.0
347,Macro Avg,0.16590465525515982,0.27413853783393927,0.19403775395937334,199872.0
347,weighted avg ,0.20657174852024,0.3261126219804847,0.23829627259638758,199872.0
Epoch,class,precision,recall,fscore,support
348,0,0.0,0.0,0.0,44235.0
348,1,0.0,0.0,0.0,38977.0
348,2,0.31807465305471394,0.7417482852129601,0.43775881320785154,61256.0
348,3,0.34440102089647534,0.3549210400382845,0.33801882277875467,55980.0
348,Micro Avg,0.3261445206572037,0.3261445206572037,0.3261445206572037,200448.0
348,Macro Avg,0.1659020577444576,0.2741553676822387,0.19404530228107253,200448.0
348,weighted avg ,0.20657042590525138,0.3261445206572037,0.2383155208167202,200448.0
Epoch,class,precision,recall,fscore,support
349,0,0.0,0.0,0.0,44366.0
349,1,0.0,0.0,0.0,39088.0
349,2,0.3180658501670116,0.741757595037386,0.4377572769206333,61433.0
349,3,0.34432161603308464,0.3548369651662169,0.33795450930491683,56137.0
349,Micro Avg,0.32613170033402417,0.32613170033402417,0.32613170033402417,201024.0
349,Macro Avg,0.16587720693494593,0.274132336567513,0.19403053920789634,201024.0
349,weighted avg ,0.20654525210752678,0.32613170033402417,0.2382964848099283,201024.0
Epoch,class,precision,recall,fscore,support
350,0,0.0,0.0,0.0,44496.0
350,1,0.0,0.0,0.0,39203.0
350,2,0.31803965107057924,0.7417176843774852,0.43771292624901215,61602.0
350,3,0.3442363203806506,0.3548279143536884,0.3379143536875515,56299.0
350,Micro Avg,0.32611419508326894,0.32611419508326894,0.32611419508326894,201600.0
350,Macro Avg,0.1658509119746243,0.2741189532117294,0.19401427438541552,201600.0
350,weighted avg ,0.20653132434576074,0.32611419508326894,0.23828865979381747,201600.0
Epoch,class,precision,recall,fscore,support
351,0,0.0,0.0,0.0,44616.0
351,1,0.0,0.0,0.0,39307.0
351,2,0.3180373240550375,0.7416558595603424,0.4377036216985642,61784.0
351,3,0.34413411355369317,0.35471927882334414,0.33783330697453945,56469.0
351,Micro Avg,0.32609362644314577,0.32609362644314577,0.32609362644314577,202176.0
351,Macro Avg,0.16582476672465707,0.27407876008223214,0.193991776055677,202176.0
351,weighted avg ,0.2065032421319029,0.32609362644314577,0.23827139016290047,202176.0
Epoch,class,precision,recall,fscore,support
352,0,0.0,0.0,0.0,44742.0
352,1,0.0,0.0,0.0,39420.0
352,2,0.3179940072543766,0.7417331651159194,0.43768175366661743,61951.0
352,3,0.3441507648635864,0.3545939126320776,0.3377921463491584,56639.0
352,Micro Avg,0.3260668664248558,0.3260668664248558,0.3260668664248558,202752.0
352,Macro Avg,0.16581611733165222,0.2740671818325112,0.19397729064817,202752.0
352,weighted avg ,0.20649266677180603,0.3260668664248558,0.23824317930926028,202752.0
Epoch,class,precision,recall,fscore,support
353,0,0.0,0.0,0.0,44873.0
353,1,0.0,0.0,0.0,39544.0
353,2,0.3179257744928451,0.7416339047020041,0.4375971064632838,62119.0
353,3,0.34420191854065124,0.3546721182575882,0.33785029092624824,56792.0
353,Micro Avg,0.3260355401792752,0.3260355401792752,0.3260355401792752,203328.0
353,Macro Avg,0.16581066205378317,0.2740635320018798,0.19396917754364623,203328.0
353,weighted avg ,0.20647114326152258,0.3260355401792752,0.238216700739113,203328.0
Epoch,class,precision,recall,fscore,support
354,0,0.0,0.0,0.0,45007.0
354,1,0.0,0.0,0.0,39657.0
354,2,0.31798682972718745,0.7415772969583011,0.4376465976795267,62315.0
354,3,0.3442066478519914,0.3548243963624965,0.33789902790843707,56957.0
354,Micro Avg,0.32606930072123114,0.32606930072123114,0.32606930072123114,203936.0
354,Macro Avg,0.1658262778300421,0.27408905613044104,0.1939981185324627,203936.0
354,weighted avg ,0.2064816556914429,0.32606930072123114,0.23824239573534334,203936.0
Epoch,class,precision,recall,fscore,support
355,0,0.0,0.0,0.0,45124.0
355,1,0.0,0.0,0.0,39767.0
355,2,0.318048780487805,0.7416682301438468,0.437732958098815,62498.0
355,3,0.3442808005003129,0.3548624140087558,0.33795028142589306,57123.0
355,Micro Avg,0.3261429018136355,0.3261429018136355,0.3261429018136355,204512.0
355,Macro Avg,0.16585991244527976,0.2741213258286355,0.19403220762977602,204512.0
355,weighted avg ,0.20653689806129194,0.3261429018136355,0.23829737335835208,204512.0
Epoch,class,precision,recall,fscore,support
356,0,0.0,0.0,0.0,45253.0
356,1,0.0,0.0,0.0,39873.0
356,2,0.31803398815092004,0.7417134393514253,0.4377299657000345,62671.0
356,3,0.3443872778297476,0.3548861864671034,0.3380246336139714,57291.0
356,Micro Avg,0.326166198939821,0.326166198939821,0.326166198939821,205088.0
356,Macro Avg,0.16587932647334105,0.2741393826005539,0.19404895541004796,205088.0
356,weighted avg ,0.20656532584970735,0.326166198939821,0.23831618334892726,205088.0
Epoch,class,precision,recall,fscore,support
357,0,0.0,0.0,0.0,45385.0
357,1,0.0,0.0,0.0,39980.0
357,2,0.31800062189054745,0.7416651119403049,0.4376772388059736,62841.0
357,3,0.344471393034826,0.35493314676616927,0.33809856965174306,57458.0
357,Micro Avg,0.32617381840796206,0.32617381840796206,0.32617381840796206,205664.0
357,Macro Avg,0.16589552238806124,0.27413712686566427,0.19405628109453482,205664.0
357,weighted avg ,0.2066184701492573,0.32617381840796206,0.23834888059701795,205664.0
Epoch,class,precision,recall,fscore,support
358,0,0.0,0.0,0.0,45516.0
358,1,0.0,0.0,0.0,40088.0
358,2,0.31801550387596916,0.7416930232558202,0.43768992248062344,63020.0
358,3,0.3444077519379846,0.3548589147286822,0.3380201550387615,57616.0
358,Micro Avg,0.3261689922480639,0.3261689922480639,0.3261689922480639,206240.0
358,Macro Avg,0.16588217054263732,0.27412713178293835,0.19404031007752695,206240.0
358,weighted avg ,0.20661860465116644,0.3261689922480639,0.23834418604651475,206240.0
Epoch,class,precision,recall,fscore,support
359,0,0.0,0.0,0.0,45640.0
359,1,0.0,0.0,0.0,40209.0
359,2,0.31799010513296244,0.7416280148423068,0.43766079158936616,63193.0
359,3,0.3443491032776747,0.35498453927025353,0.3380504019789751,57774.0
359,Micro Avg,0.3261425479282642,0.3261425479282642,0.3261425479282642,206816.0
359,Macro Avg,0.16586116264687872,0.27414192949906496,0.19404143475572808,206816.0
359,weighted avg ,0.20656462585034382,0.3261425479282642,0.23830705009276754,206816.0
Epoch,class,precision,recall,fscore,support
360,0,0.0,0.0,0.0,45771.0
360,1,0.0,0.0,0.0,40315.0
360,2,0.3180419364785695,0.7417884674683994,0.43774283071230646,63370.0
360,3,0.34451279679309293,0.3551017576318224,0.33818532223250247,57936.0
360,Micro Avg,0.32622880049337244,0.32622880049337244,0.32622880049337244,207392.0
360,Macro Avg,0.16591273512180268,0.2742152328091199,0.19409497378970855,207392.0
360,weighted avg ,0.20663428923836322,0.32622880049337244,0.23837958680234664,207392.0
Epoch,class,precision,recall,fscore,support
361,0,0.0,0.0,0.0,45891.0
361,1,0.0,0.0,0.0,40427.0
361,2,0.3180043050430506,0.7416728167281733,0.4376906519065221,63542.0
361,3,0.34456642066420673,0.3551737392373923,0.3382441574415761,58108.0
361,Micro Avg,0.3262161746617488,0.3262161746617488,0.3262161746617488,207968.0
361,Macro Avg,0.1659148216482184,0.274205104551038,0.19409747847479247,207968.0
361,weighted avg ,0.2066297662976667,0.3262161746617488,0.23837792127921592,207968.0
Epoch,class,precision,recall,fscore,support
362,0,0.0,0.0,0.0,46018.0
362,1,0.0,0.0,0.0,40557.0
362,2,0.3179316160686909,0.7417034651947316,0.43762342839620066,63708.0
362,3,0.34444188899110706,0.3549938669119902,0.33810794234897434,58261.0
362,Micro Avg,0.32613308800981516,0.32613308800981516,0.32613308800981516,208544.0
362,Macro Avg,0.16586323213738322,0.2741674333026604,0.19404630481448185,208544.0
362,weighted avg ,0.2065516712664864,0.32613308800981516,0.2382934682612727,208544.0
Epoch,class,precision,recall,fscore,support
363,0,0.0,0.0,0.0,46150.0
363,1,0.0,0.0,0.0,40674.0
363,2,0.31790978593272207,0.7417691131498529,0.4376177370030613,63872.0
363,3,0.3445688073394496,0.3550795107033638,0.33819571865443593,58424.0
363,Micro Avg,0.3261330275229381,0.3261330275229381,0.3261330275229381,209120.0
363,Macro Avg,0.16588837920489513,0.2742094801223166,0.19406574923548187,209120.0
363,weighted avg ,0.20655504587156348,0.3261330275229381,0.23828287461774023,209120.0
Epoch,class,precision,recall,fscore,support
364,0,0.0,0.0,0.0,46286.0
364,1,0.0,0.0,0.0,40791.0
364,2,0.3178758767917052,0.7416605672461174,0.43756175663312313,64046.0
364,3,0.34440378164074403,0.35502287282708134,0.3380893565111331,58573.0
364,Micro Avg,0.3260643488868581,0.3260643488868581,0.3260643488868581,209696.0
364,Macro Avg,0.16583867032632124,0.2741720036596447,0.19402561756633915,209696.0
364,weighted avg ,0.20647910948460282,0.3260643488868581,0.2382204940530682,209696.0
Epoch,class,precision,recall,fscore,support
365,0,0.0,0.0,0.0,46409.0
365,1,0.0,0.0,0.0,40895.0
365,2,0.3179835766423363,0.741657542579081,0.43767183698297163,64240.0
365,3,0.34440389294403884,0.3550836374695862,0.33809610705596277,58728.0
365,Micro Avg,0.32612378345499027,0.32612378345499027,0.32612378345499027,210272.0
365,Macro Avg,0.16586526763990503,0.27418491484184154,0.1940571776155798,210272.0
365,weighted avg ,0.20652220194647591,0.32612378345499027,0.23827098540146305,210272.0
Epoch,class,precision,recall,fscore,support
366,0,0.0,0.0,0.0,46537.0
366,1,0.0,0.0,0.0,41009.0
366,2,0.31796936609038584,0.741671216257209,0.43766909311495633,64411.0
366,3,0.34441613588110387,0.3551198058841369,0.338117986047924,58891.0
366,Micro Avg,0.3261176827418891,0.3261176827418891,0.3261176827418891,210848.0
366,Macro Avg,0.16586442220200434,0.27419623900514856,0.1940627843494167,210848.0
366,weighted avg ,0.20650136487716506,0.3261176827418891,0.2382499241734943,210848.0
Epoch,class,precision,recall,fscore,support
367,0,0.0,0.0,0.0,46663.0
367,1,0.0,0.0,0.0,41132.0
367,2,0.3179280096793715,0.7416742286751419,0.4376300665456777,64578.0
367,3,0.34431185722928,0.3549924379915302,0.33801270417423035,59051.0
367,Micro Avg,0.3260647307925011,0.3260647307925011,0.3260647307925011,211424.0
367,Macro Avg,0.1658272837265604,0.27416212946157736,0.19402601330914312,211424.0
367,weighted avg ,0.20644888082275056,0.3260647307925011,0.2381987295825804,211424.0
Epoch,class,precision,recall,fscore,support
368,0,0.0,0.0,0.0,46800.0
368,1,0.0,0.0,0.0,41241.0
368,2,0.3178717948717955,0.7417013574660691,0.4375806938159912,64744.0
368,3,0.3442895927601809,0.35501659125188506,0.33799095022624615,59215.0
368,Micro Avg,0.326021116138766,0.326021116138766,0.326021116138766,212000.0
368,Macro Avg,0.16580392156863022,0.27417194570134984,0.1940060331825121,212000.0
368,weighted avg ,0.20640723981900863,0.326021116138766,0.23814781297134568,212000.0
Epoch,class,precision,recall,fscore,support
369,0,0.0,0.0,0.0,46931.0
369,1,0.0,0.0,0.0,41348.0
369,2,0.31782791817087913,0.741847172081835,0.43756016847172396,64905.0
369,3,0.34440132370637777,0.35495186522262295,0.3380114320096288,59392.0
369,Micro Avg,0.32602135980746383,0.32602135980746383,0.32602135980746383,212576.0
369,Macro Avg,0.165821299638992,0.2741952466907264,0.1940057160048219,212576.0
369,weighted avg ,0.20644855595668288,0.32602135980746383,0.2381528279181742,212576.0
Epoch,class,precision,recall,fscore,support
370,0,0.0,0.0,0.0,47047.0
370,1,0.0,0.0,0.0,41467.0
370,2,0.317750112494376,0.7417279136043257,0.43746812659367346,65082.0
370,3,0.3443197840107994,0.354763761811909,0.3378896055197258,59556.0
370,Micro Avg,0.32595170241488225,0.32595170241488225,0.32595170241488225,213152.0
370,Macro Avg,0.1657792110394509,0.2741157942102818,0.19395230238488922,213152.0
370,weighted avg ,0.2064016799160084,0.32595170241488225,0.23810109494525616,213152.0
Epoch,class,precision,recall,fscore,support
371,0,0.0,0.0,0.0,47174.0
371,1,0.0,0.0,0.0,41576.0
371,2,0.3177471952131647,0.7416649214659748,0.4374540014958893,65262.0
371,3,0.3442961854899027,0.35475243081525754,0.33788032909499055,59716.0
371,Micro Avg,0.3259506357516858,0.3259506357516858,0.3259506357516858,213728.0
371,Macro Avg,0.16577262528048156,0.27409872849662664,0.19394913986537876,213728.0
371,weighted avg ,0.2063934181002285,0.3259506357516858,0.238097232610325,213728.0
Epoch,class,precision,recall,fscore,support
372,0,0.0,0.0,0.0,47294.0
372,1,0.0,0.0,0.0,41683.0
372,2,0.3176965537818895,0.7415336416529976,0.437384753095632,65431.0
372,3,0.34421453080710107,0.3546919289870203,0.33781739519618253,59896.0
372,Micro Avg,0.32589288378338344,0.32589288378338344,0.32589288378338344,214304.0
372,Macro Avg,0.16573922124422188,0.27405340892137087,0.19391466507534807,214304.0
372,weighted avg ,0.2063583470088062,0.32589288378338344,0.23805907802476847,214304.0
Epoch,class,precision,recall,fscore,support
373,0,0.0,0.0,0.0,47428.0
373,1,0.0,0.0,0.0,41790.0
373,2,0.317733968159501,0.7415488766552659,0.43742002678173225,65615.0
373,3,0.3442315131676832,0.35476119625055746,0.33785597381342236,60047.0
373,Micro Avg,0.3259157863413211,0.3259157863413211,0.3259157863413211,214880.0
373,Macro Avg,0.16575509596786497,0.2740723106680477,0.19393393840203227,214880.0
373,weighted avg ,0.2063547091206708,0.3259157863413211,0.23806873977087087,214880.0
Epoch,class,precision,recall,fscore,support
374,0,0.0,0.0,0.0,47547.0
374,1,0.0,0.0,0.0,41901.0
374,2,0.31777563436711764,0.7416500964534861,0.43748033832913225,65794.0
374,3,0.34432259979225377,0.35483899688381,0.33792105653657994,60214.0
374,Micro Avg,0.3259667606469833,0.3259667606469833,0.3259667606469833,215456.0
374,Macro Avg,0.1657886926843777,0.2741178216352498,0.19396497996736306,215456.0
374,weighted avg ,0.20641044665381048,0.3259667606469833,0.23811247959638274,215456.0
Epoch,class,precision,recall,fscore,support
375,0,0.0,0.0,0.0,47677.0
375,1,0.0,0.0,0.0,42009.0
375,2,0.31775344087612933,0.7416412609146134,0.43745005179813856,65969.0
375,3,0.34427556607962073,0.3548009471659013,0.3378925558679906,60377.0
375,Micro Avg,0.3259508657688353,0.3259508657688353,0.3259508657688353,216032.0
375,Macro Avg,0.16577179221548352,0.27410685215331476,0.19395145774753,216032.0
375,weighted avg ,0.2064007695722997,0.3259508657688353,0.23809974840906067,216032.0
Epoch,class,precision,recall,fscore,support
376,0,0.0,0.0,0.0,47803.0
376,1,0.0,0.0,0.0,42130.0
376,2,0.3177210332103329,0.7415881918819249,0.4374081180811841,66136.0
376,3,0.3442405904059037,0.3547896678966782,0.3378789667896697,60539.0
376,Micro Avg,0.32592029520295507,0.32592029520295507,0.32592029520295507,216608.0
376,Macro Avg,0.16575645756457905,0.2740900369003612,0.19393800738008277,216608.0
376,weighted avg ,0.20637785977860212,0.32592029520295507,0.23808413284133184,216608.0
Epoch,class,precision,recall,fscore,support
377,0,0.0,0.0,0.0,47946.0
377,1,0.0,0.0,0.0,42233.0
377,2,0.3176726041513331,0.7414603268070131,0.43734285293685,66303.0
377,3,0.3442499631974088,0.35482997203003014,0.33790078021492903,60702.0
377,Micro Avg,0.3258854703371148,0.3258854703371148,0.3258854703371148,217184.0
377,Macro Avg,0.16574709259532214,0.2740703665537976,0.19392757250111317,217184.0
377,weighted avg ,0.20636979243339162,0.3258854703371148,0.2380700721330816,217184.0
Epoch,class,precision,recall,fscore,support
378,0,0.0,0.0,0.0,48063.0
378,1,0.0,0.0,0.0,42351.0
378,2,0.31764058141242185,0.7414182939362852,0.437305828806346,66476.0
378,3,0.3442651593011304,0.35482748495081395,0.3379224783438574,60870.0
378,Micro Avg,0.3258743209514052,0.3258743209514052,0.3258743209514052,217760.0
378,Macro Avg,0.1657421817647958,0.2740625458816542,0.19392453384232305,217760.0
378,weighted avg ,0.2063676405814167,0.3258743209514052,0.23806929966231444,217760.0
Epoch,class,precision,recall,fscore,support
379,0,0.0,0.0,0.0,48181.0
379,1,0.0,0.0,0.0,42469.0
379,2,0.31770390979645713,0.7415038805095971,0.437372968223755,66662.0
379,3,0.3443300629667593,0.35489969248791814,0.33798067066920673,61024.0
379,Micro Avg,0.32593351881681387,0.32593351881681387,0.32593351881681387,218336.0
379,Macro Avg,0.16577536974667226,0.2741030897642328,0.19395665544004437,218336.0
379,weighted avg ,0.20640796602724107,0.32593351881681387,0.23811685459071957,218336.0
Epoch,class,precision,recall,fscore,support
380,0,0.0,0.0,0.0,48310.0
380,1,0.0,0.0,0.0,42586.0
380,2,0.317639842266687,0.7414867825325016,0.4373170731707352,66831.0
380,3,0.3442427340441067,0.35473345990944827,0.3378662187819502,61185.0
380,Micro Avg,0.3258799474222321,0.3258799474222321,0.3258799474222321,218912.0
380,Macro Avg,0.1657368190448409,0.2740572513509487,0.19391120198628062,218912.0
380,weighted avg ,0.20636044983204754,0.3258799474222321,0.23806338542427694,218912.0
Epoch,class,precision,recall,fscore,support
381,0,0.0,0.0,0.0,48439.0
381,1,0.0,0.0,0.0,42706.0
381,2,0.3176096139839775,0.7415018208303039,0.4373008011653348,67001.0
381,3,0.34438018936635095,0.35482884195192904,0.33798397669337416,61342.0
381,Micro Avg,0.3258922068463253,0.3258922068463253,0.3258922068463253,219488.0
381,Macro Avg,0.16576402039330312,0.2740859431900868,0.1939373634377369,219488.0
381,weighted avg ,0.2063597960670109,0.3258922068463253,0.2380640932265148,219488.0
Epoch,class,precision,recall,fscore,support
382,0,0.0,0.0,0.0,48556.0
382,1,0.0,0.0,0.0,42824.0
382,2,0.31762022373964915,0.741465930553543,0.43730059567049584,67181.0
382,3,0.3444065087897718,0.3548772337643459,0.3380037774226374,61503.0
382,Micro Avg,0.32590294929536884,0.32590294929536884,0.32590294929536884,220064.0
382,Macro Avg,0.16577219235798735,0.2740912392851874,0.19394159523464538,220064.0
382,weighted avg ,0.20637222141508504,0.32590294929536884,0.23806915589133,220064.0
Epoch,class,precision,recall,fscore,support
383,0,0.0,0.0,0.0,48670.0
383,1,0.0,0.0,0.0,42925.0
383,2,0.3176699029126222,0.7413490798435064,0.4373322706854113,67375.0
383,3,0.3444529778292999,0.35489784089262316,0.3380452108390108,61670.0
383,Micro Avg,0.3259527604695006,0.3259527604695006,0.3259527604695006,220640.0
383,Macro Avg,0.16579481234604074,0.27406752644543475,0.1939588465439885,220640.0
383,weighted avg ,0.20643095203594122,0.3259527604695006,0.23813360382553597,220640.0
Epoch,class,precision,recall,fscore,support
384,0,0.0,0.0,0.0,48800.0
384,1,0.0,0.0,0.0,43035.0
384,2,0.3176412776412784,0.741267524208706,0.437288625523923,67545.0
384,3,0.3443257696198871,0.354811388929035,0.33792166498049053,61836.0
384,Micro Avg,0.32589391530568346,0.32589391530568346,0.32589391530568346,221216.0
384,Macro Avg,0.16575227634051568,0.2740251481427873,0.193915305680021,221216.0
384,weighted avg ,0.20638387050152193,0.32589391530568346,0.23807631160572681,221216.0
Epoch,class,precision,recall,fscore,support
385,0,0.0,0.0,0.0,48919.0
385,1,0.0,0.0,0.0,43142.0
385,2,0.3176286579212925,0.7412916246215997,0.437285570131184,67712.0
385,3,0.3445019460862043,0.3549012541444418,0.3380784200663132,62019.0
385,Micro Avg,0.32594349142280876,0.32594349142280876,0.32594349142280876,221792.0
385,Macro Avg,0.1657906876171297,0.2740493008505038,0.19395127576763238,221792.0
385,weighted avg ,0.20644659074528332,0.32594349142280876,0.23813464033444193,221792.0
Epoch,class,precision,recall,fscore,support
386,0,0.0,0.0,0.0,49047.0
386,1,0.0,0.0,0.0,43256.0
386,2,0.3176782633697537,0.741243530764813,0.4373260494537125,67914.0
386,3,0.3444824611845887,0.35495687176538127,0.3380865439908015,62183.0
386,Micro Avg,0.3259833237492848,0.3259833237492848,0.3259833237492848,222400.0
386,Macro Avg,0.16579787234042978,0.27405261644622547,0.19396204715354606,222400.0
386,weighted avg ,0.20647642323174675,0.3259833237492848,0.23817855089132028,222400.0
Epoch,class,precision,recall,fscore,support
387,0,0.0,0.0,0.0,49185.0
387,1,0.0,0.0,0.0,43360.0
387,2,0.3176498422712944,0.7413091482649897,0.43730714080872163,68082.0
387,3,0.34453398336679075,0.3549182678520207,0.3380871809578455,62349.0
387,Micro Avg,0.32597074849441143,0.32597074849441143,0.32597074849441143,222976.0
387,Macro Avg,0.16580298250645686,0.27406079724690907,0.19395899053628723,222976.0
387,weighted avg ,0.20649555491827223,0.32597074849441143,0.2381760825924898,222976.0
Epoch,class,precision,recall,fscore,support
388,0,0.0,0.0,0.0,49307.0
388,1,0.0,0.0,0.0,43477.0
388,2,0.3176573226544632,0.74118993135012,0.43728975972540396,68268.0
388,3,0.3444093249427916,0.3548955949656739,0.3380263157894758,62500.0
388,Micro Avg,0.32594822654462624,0.32594822654462624,0.32594822654462624,223552.0
388,Macro Avg,0.16577231121281902,0.27403175057207435,0.19394164759726373,223552.0
388,weighted avg ,0.2064616704805536,0.32594822654462624,0.2381621853546945,223552.0
Epoch,class,precision,recall,fscore,support
389,0,0.0,0.0,0.0,49426.0
389,1,0.0,0.0,0.0,43592.0
389,2,0.3176932952924402,0.7412838801711895,0.437338088445082,68446.0
389,3,0.3445820256776032,0.35496291012838693,0.33814550641940294,62664.0
389,Micro Avg,0.32600000000000384,0.32600000000000384,0.32600000000000384,224128.0
389,Macro Avg,0.1658231098430858,0.27407560627673944,0.19398430813125087,224128.0
389,weighted avg ,0.20651925820257222,0.32600000000000384,0.23821255349501055,224128.0
Epoch,class,precision,recall,fscore,support
390,0,0.0,0.0,0.0,49546.0
390,1,0.0,0.0,0.0,43705.0
390,2,0.31769778030734297,0.7413261240751335,0.4373463289698386,68620.0
390,3,0.34466704610130894,0.3549971542401811,0.33821143995446995,62833.0
390,Micro Avg,0.32602447353443753,0.32602447353443753,0.32602447353443753,224704.0
390,Macro Avg,0.16584661354582128,0.2740936254979999,0.194001138303937,224704.0
390,weighted avg ,0.20655378486056228,0.32602447353443753,0.23823989755265002,224704.0
Epoch,class,precision,recall,fscore,support
391,0,0.0,0.0,0.0,49674.0
391,1,0.0,0.0,0.0,43814.0
391,2,0.31770366165200203,0.7414689185353444,0.4373687198410483,68786.0
391,3,0.3447828555208628,0.3550369003690026,0.338291229066139,63006.0
391,Micro Avg,0.32605307976157066,0.32605307976157066,0.32605307976157066,225280.0
391,Macro Avg,0.16587567414136137,0.27413851830825187,0.19402639795629714,225280.0
391,weighted avg ,0.2065938120919716,0.32605307976157066,0.23827135963667673,225280.0
Epoch,class,precision,recall,fscore,support
392,0,0.0,0.0,0.0,49816.0
392,1,0.0,0.0,0.0,43912.0
392,2,0.31773216308040875,0.7414835787089517,0.43740373725934684,68968.0
392,3,0.3447310305775763,0.3550325594563975,0.33826868629671797,63160.0
392,Micro Avg,0.32607446206115887,0.32607446206115887,0.32607446206115887,225856.0
392,Macro Avg,0.16586636466591634,0.2741421291053146,0.19402887882220698,225856.0
392,weighted avg ,0.2065897508493817,0.32607446206115887,0.23828001132503177,225856.0
Epoch,class,precision,recall,fscore,support
393,0,0.0,0.0,0.0,49947.0
393,1,0.0,0.0,0.0,44022.0
393,2,0.317740751200227,0.7414798079638567,0.4373990398192638,69144.0
393,3,0.3447331262355266,0.3550423609149947,0.3382787348206744,63319.0
393,Micro Avg,0.3260759672408962,0.3260759672408962,0.3260759672408962,226432.0
393,Macro Avg,0.16586839875741782,0.27414572154757727,0.19403134707710684,226432.0
393,weighted avg ,0.20660265461734428,0.3260759672408962,0.23829285512567416,226432.0
Epoch,class,precision,recall,fscore,support
394,0,0.0,0.0,0.0,50080.0
394,1,0.0,0.0,0.0,44131.0
394,2,0.31775211267605746,0.7415042253521172,0.43741408450704616,69316.0
394,3,0.34488450704225343,0.35520563380281583,0.33842957746479096,63481.0
394,Micro Avg,0.3261183098591586,0.3261183098591586,0.3261183098591586,227008.0
394,Macro Avg,0.16590985915493428,0.2741915492957664,0.1940704225352213,227008.0
394,weighted avg ,0.20663521126761017,0.3261183098591586,0.2383295774647922,227008.0
Epoch,class,precision,recall,fscore,support
395,0,0.0,0.0,0.0,50201.0
395,1,0.0,0.0,0.0,44257.0
395,2,0.31773953357684864,0.7414526552402405,0.4374009553245332,69490.0
395,3,0.3447302613093563,0.3550997471199763,0.33831272829446685,63636.0
395,Micro Avg,0.32606631076145337,0.32606631076145337,0.32606631076145337,227584.0
395,Macro Avg,0.16586962629952703,0.27415144703567595,0.19404046080360662,227584.0
395,weighted avg ,0.20656785613936962,0.32606631076145337,0.23827760606912407,227584.0
Epoch,class,precision,recall,fscore,support
396,0,0.0,0.0,0.0,50341.0
396,1,0.0,0.0,0.0,44375.0
396,2,0.3177017937219742,0.7415050448430537,0.4373738789237708,69654.0
396,3,0.34474215246636747,0.35513312780268946,0.3383464125560559,63790.0
396,Micro Avg,0.326049607623322,0.326049607623322,0.326049607623322,228160.0
396,Macro Avg,0.16586322869955636,0.2741718049327272,0.19404428251122094,228160.0
396,weighted avg ,0.2065386771300495,0.326049607623322,0.23825392376681973,228160.0
Epoch,class,precision,recall,fscore,support
397,0,0.0,0.0,0.0,50478.0
397,1,0.0,0.0,0.0,44482.0
397,2,0.3176306961140633,0.7414970645792603,0.43730081073525706,69813.0
397,3,0.34479591836734663,0.355114621190941,0.3383715403969828,63963.0
397,Micro Avg,0.32600642996925167,0.32600642996925167,0.32600642996925167,228736.0
397,Macro Avg,0.16585965893207086,0.27416550181715693,0.19403410679341254,228736.0
397,weighted avg ,0.20653480570310787,0.32600642996925167,0.2382289628180075,228736.0
Epoch,class,precision,recall,fscore,support
398,0,0.0,0.0,0.0,50608.0
398,1,0.0,0.0,0.0,44602.0
398,2,0.31757947573898626,0.74146820970441,0.43724344673731574,69980.0
398,3,0.34476436140546535,0.35506832124930177,0.338344952593421,64122.0
398,Micro Avg,0.32597183491355647,0.32597183491355647,0.32597183491355647,229312.0
398,Macro Avg,0.16583937534858273,0.274145287228101,0.19401282766314473,229312.0
398,weighted avg ,0.20649609592861595,0.32597183491355647,0.23819436698271415,229312.0
Epoch,class,precision,recall,fscore,support
399,0,0.0,0.0,0.0,50740.0
399,1,0.0,0.0,0.0,44707.0
399,2,0.3175382475660653,0.7413866481223962,0.4371988873435367,70158.0
399,3,0.34473296244784385,0.35499165507649405,0.33829902642559323,64283.0
399,Micro Avg,0.32594297635605385,0.32594297635605385,0.32594297635605385,229888.0
399,Macro Avg,0.1658219749652345,0.27410431154380255,0.19399026425592136,229888.0
399,weighted avg ,0.2064673157162773,0.32594297635605385,0.2381682892906851,229888.0
Epoch,class,precision,recall,fscore,support
400,0,0.0,0.0,0.0,50864.0
400,1,0.0,0.0,0.0,44812.0
400,2,0.3175957269700346,0.7415635405105474,0.43728773584906055,70336.0
400,3,0.344723917869034,0.35490011098779023,0.33825332963374244,64452.0
400,Micro Avg,0.32599472807991503,0.32599472807991503,0.32599472807991503,230464.0
400,Macro Avg,0.16583657047725256,0.2741259711431659,0.19400110987792382,230464.0
400,weighted avg ,0.20651775804661957,0.32599472807991503,0.23821032186459842,230464.0
Epoch,class,precision,recall,fscore,support
401,0,0.0,0.0,0.0,50997.0
401,1,0.0,0.0,0.0,44927.0
401,2,0.31753805701633125,0.7415790202048194,0.43723083310268873,70502.0
401,3,0.34468032106282825,0.35482701356213564,0.3382092443952416,64614.0
401,Micro Avg,0.32595765292001494,0.32595765292001494,0.32595765292001494,231040.0
401,Macro Avg,0.16581096042070811,0.2741129255466288,0.19397453639635698,231040.0
401,weighted avg ,0.20648076390811432,0.32595765292001494,0.2381746471076703,231040.0
Epoch,class,precision,recall,fscore,support
402,0,0.0,0.0,0.0,51142.0
402,1,0.0,0.0,0.0,45052.0
402,2,0.3174810213940661,0.7415652173913075,0.4371635610766087,70676.0
402,3,0.3446777087646648,0.354982746721876,0.3382318840579731,64778.0
402,Micro Avg,0.3259158040027646,0.3259158040027646,0.3259158040027646,231648.0
402,Macro Avg,0.1657957211870308,0.2741490683229731,0.19395997239476556,231648.0
402,weighted avg ,0.20644996549344852,0.3259158040027646,0.23813664596273645,231648.0
Epoch,class,precision,recall,fscore,support
403,0,0.0,0.0,0.0,51275.0
403,1,0.0,0.0,0.0,45164.0
403,2,0.3174693652760579,0.7415103951535207,0.43714856120060996,70848.0
403,3,0.3445807517554723,0.3549814126394041,0.338190830235442,64937.0
403,Micro Avg,0.3258859975216895,0.3258859975216895,0.3258859975216895,232224.0
403,Macro Avg,0.16576896599201968,0.27413465510118956,0.19394327412915838,232224.0
403,weighted avg ,0.20639955941071667,0.3258859975216895,0.2381040892193344,232224.0
Epoch,class,precision,recall,fscore,support
404,0,0.0,0.0,0.0,51392.0
404,1,0.0,0.0,0.0,45289.0
404,2,0.3174495261639896,0.7415519846175005,0.4371405026782077,71021.0
404,3,0.34461200384562496,0.35496497733827653,0.33819804971844736,65098.0
404,Micro Avg,0.32588106029392,0.32588106029392,0.32588106029392,232800.0
404,Macro Avg,0.1657698118390385,0.27414091470950963,0.19394039280319705,232800.0
404,weighted avg ,0.20639884631232458,0.32588106029392,0.23809504188985384,232800.0
Epoch,class,precision,recall,fscore,support
405,0,0.0,0.0,0.0,51525.0
405,1,0.0,0.0,0.0,45399.0
405,2,0.31740786409097244,0.7414248527195533,0.43708179202630904,71189.0
405,3,0.34460885052746887,0.3550732977120142,0.33823537470886633,65263.0
405,Micro Avg,0.32585422660638885,0.32585422660638885,0.32585422660638885,233376.0
405,Macro Avg,0.16575832305795868,0.2741389231401479,0.19393478558707747,233376.0
405,weighted avg ,0.2063775859706858,0.32585422660638885,0.23807507877791836,233376.0
Epoch,class,precision,recall,fscore,support
406,0,0.0,0.0,0.0,51661.0
406,1,0.0,0.0,0.0,45505.0
406,2,0.31733497334973443,0.7412628126281291,0.4369837365040358,71361.0
406,3,0.34451961186278446,0.35505261719283737,0.33819051523848775,65425.0
406,Micro Avg,0.32578379117124934,0.32578379117124934,0.32578379117124934,233952.0
406,Macro Avg,0.1657154571545771,0.2740945742790679,0.19389777231106728,233952.0
406,weighted avg ,0.2063085964193025,0.32578379117124934,0.23800874675413783,233952.0
Epoch,class,precision,recall,fscore,support
407,0,0.0,0.0,0.0,51794.0
407,1,0.0,0.0,0.0,45638.0
407,2,0.31733333333333424,0.7412706203135678,0.43698841172461234,71532.0
407,3,0.34451261077027867,0.35517927743694494,0.33822358554874093,65564.0
407,Micro Avg,0.3257764144512654,0.3257764144512654,0.3257764144512654,234528.0
407,Macro Avg,0.16571233810498173,0.27412815269256163,0.19390865712339192,234528.0
407,weighted avg ,0.20627675528289519,0.3257764144512654,0.23798500340831993,234528.0
Epoch,class,precision,recall,fscore,support
408,0,0.0,0.0,0.0,51925.0
408,1,0.0,0.0,0.0,45751.0
408,2,0.31732082143342955,0.7412484700122427,0.4369713042295705,71708.0
408,3,0.34448660410716636,0.3551489188086484,0.338200734394127,65720.0
408,Micro Avg,0.3257677138582935,0.3257677138582935,0.3257677138582935,235104.0
408,Macro Avg,0.1657024343805306,0.2741153270773751,0.19390044879642054,235104.0
408,weighted avg ,0.20627090983272625,0.3257677138582935,0.23797633618931413,235104.0
Epoch,class,precision,recall,fscore,support
409,0,0.0,0.0,0.0,52048.0
409,1,0.0,0.0,0.0,45865.0
409,2,0.3172771672771683,0.741184371184374,0.43692307692308124,71880.0
409,3,0.34450549450549384,0.3551580518247174,0.3382146248812938,65887.0
409,Micro Avg,0.32574277574278016,0.32574277574278016,0.32574277574278016,235680.0
409,Macro Avg,0.16569800569801138,0.27410392077057916,0.1938909238909349,235680.0
409,weighted avg ,0.2062650929317645,0.32574277574278016,0.237962284628955,235680.0
Epoch,class,precision,recall,fscore,support
410,0,0.0,0.0,0.0,52171.0
410,1,0.0,0.0,0.0,45964.0
410,2,0.3172662065232112,0.7411990797130896,0.436914332115311,72049.0
410,3,0.3445824874813904,0.35514819326025054,0.33825686831777185,66072.0
410,Micro Avg,0.3257693869265169,0.3257693869265169,0.3257693869265169,236256.0
410,Macro Avg,0.16571254567601063,0.27410475030449843,0.1939017458384195,236256.0
410,weighted avg ,0.2063161456218753,0.3257693869265169,0.23800378941670422,236256.0
Epoch,class,precision,recall,fscore,support
411,0,0.0,0.0,0.0,52303.0
411,1,0.0,0.0,0.0,46084.0
411,2,0.3172350479276369,0.7412420683137598,0.43689212906710323,72215.0
411,3,0.3445132982314018,0.355115431348723,0.3381936006480378,66230.0
411,Micro Avg,0.32572566491157473,0.32572566491157473,0.32572566491157473,236832.0
411,Macro Avg,0.16568921290671568,0.27410827595516923,0.19387876333199439,236832.0
411,weighted avg ,0.2062670446874628,0.32572566491157473,0.23795193735655842,236832.0
Epoch,class,precision,recall,fscore,support
412,0,0.0,0.0,0.0,52429.0
412,1,0.0,0.0,0.0,46199.0
412,2,0.3172444444444454,0.7412013468013494,0.43690101010101473,72391.0
412,3,0.34458316498316405,0.35524040404040275,0.33828013468013685,66389.0
412,Micro Avg,0.32575622895623363,0.32575622895623363,0.32575622895623363,237408.0
412,Macro Avg,0.16570774410774994,0.2741306397306314,0.1939016835016947,237408.0
412,weighted avg ,0.2062882154882205,0.32575622895623363,0.2379771043771082,237408.0
Epoch,class,precision,recall,fscore,support
413,0,0.0,0.0,0.0,52543.0
413,1,0.0,0.0,0.0,46314.0
413,2,0.31722020690581854,0.7412159075641569,0.43688163374983663,72561.0
413,3,0.3447628644363822,0.35532580948542114,0.33841864839446667,66566.0
413,Micro Avg,0.32579201934704216,0.32579201934704216,0.32579201934704216,237984.0
413,Macro Avg,0.16574633884187068,0.27415558242643256,0.19393255407766813,237984.0
413,weighted avg ,0.20634690313046317,0.32579201934704216,0.23802230283488227,237984.0
Epoch,class,precision,recall,fscore,support
414,0,0.0,0.0,0.0,52671.0
414,1,0.0,0.0,0.0,46439.0
414,2,0.31714783541080394,0.7411607023187267,0.4367966760487915,72723.0
414,3,0.34474601259884646,0.3553357458785671,0.3384251440825646,66727.0
414,Micro Avg,0.32574587856856113,0.32574587856856113,0.32574587856856113,238560.0
414,Macro Avg,0.16572443372202705,0.2741455568958501,0.19391502479561515,238560.0
414,weighted avg ,0.2062967430639375,0.32574587856856113,0.23798016351695866,238560.0
Epoch,class,precision,recall,fscore,support
415,0,0.0,0.0,0.0,52793.0
415,1,0.0,0.0,0.0,46547.0
415,2,0.3171867896777656,0.7411525605027438,0.4368284530017426,72900.0
415,3,0.34475063511164505,0.3553884209118852,0.338432945580962,66896.0
415,Micro Avg,0.3257614654365604,0.3257614654365604,0.3257614654365604,239136.0
415,Macro Avg,0.16573338681642524,0.2741542987030268,0.1939243214333581,239136.0
415,weighted avg ,0.20632437491643776,0.3257614654365604,0.23800106966172327,239136.0
Epoch,class,precision,recall,fscore,support
416,0,0.0,0.0,0.0,52930.0
416,1,0.0,0.0,0.0,46659.0
416,2,0.31714552487661857,0.7411164465786342,0.4367880485527589,73072.0
416,3,0.34472322262238136,0.3554235027344257,0.3384420434840623,67051.0
416,Micro Avg,0.32573696145125197,0.32573696145125197,0.32573696145125197,239712.0
416,Macro Avg,0.16571828731493193,0.2741549953314577,0.19391756702682222,239712.0
416,weighted avg ,0.2062825130052072,0.32573696145125197,0.237971188475394,239712.0
Epoch,class,precision,recall,fscore,support
417,0,0.0,0.0,0.0,53059.0
417,1,0.0,0.0,0.0,46761.0
417,2,0.3171816367265481,0.7411204258150392,0.43682235528942553,73252.0
417,3,0.3447012641383889,0.35539986693279974,0.3384218230206274,67216.0
417,Micro Avg,0.3257684630738571,0.3257684630738571,0.3257684630738571,240288.0
417,Macro Avg,0.16572188955423092,0.27415036593478886,0.19391882900866092,240288.0
417,weighted avg ,0.20631270791750353,0.3257684630738571,0.2380066533599506,240288.0
Epoch,class,precision,recall,fscore,support
418,0,0.0,0.0,0.0,53198.0
418,1,0.0,0.0,0.0,46876.0
418,2,0.3171794531457405,0.7411866206530419,0.4368303689938986,73435.0
418,3,0.3446907353331554,0.3553543934165105,0.3383979293867818,67387.0
418,Micro Avg,0.32575922484736347,0.32575922484736347,0.32575922484736347,240896.0
418,Macro Avg,0.16572073267853019,0.27415582691796375,0.19391558269180884,240896.0
418,weighted avg ,0.20629413326254836,0.32575922484736347,0.23799044332360358,240896.0
Epoch,class,precision,recall,fscore,support
419,0,0.0,0.0,0.0,53325.0
419,1,0.0,0.0,0.0,46997.0
419,2,0.3170842161016962,0.7411202330508496,0.436721398305089,73595.0
419,3,0.3446186440677956,0.3552754237288122,0.33831832627118835,67555.0
419,Micro Avg,0.32566472457627615,0.32566472457627615,0.32566472457627615,241472.0
419,Macro Avg,0.1656766419491587,0.27411943855931403,0.19386784957628286,241472.0
419,weighted avg ,0.20623013771186965,0.32566472457627615,0.23791181144068185,241472.0
Epoch,class,precision,recall,fscore,support
420,0,0.0,0.0,0.0,53462.0
420,1,0.0,0.0,0.0,47113.0
420,2,0.31702774108322457,0.7410951122853391,0.43665785997358414,73763.0
420,3,0.3446036988110954,0.3552932628797874,0.33830383091149474,67710.0
420,Micro Avg,0.32561030383091655,0.32561030383091655,0.32561030383091655,242048.0
420,Macro Avg,0.1656618229854752,0.27411624834873716,0.1938467635403024,242048.0
420,weighted avg ,0.20619550858653102,0.32561030383091655,0.23786922060766577,242048.0
Epoch,class,precision,recall,fscore,support
421,0,0.0,0.0,0.0,53584.0
421,1,0.0,0.0,0.0,47227.0
421,2,0.3169675803900909,0.7411781760674769,0.43661702688455867,73919.0
421,3,0.3447285187137574,0.3553096995255654,0.338375065893518,67894.0
421,Micro Avg,0.32560094886663654,0.32560094886663654,0.32560094886663654,242624.0
421,Macro Avg,0.16567870321560993,0.27413943068001334,0.19385477069057586,242624.0
421,weighted avg ,0.20621375856616236,0.32560094886663654,0.2378624143384331,242624.0
Epoch,class,precision,recall,fscore,support
422,0,0.0,0.0,0.0,53727.0
422,1,0.0,0.0,0.0,47325.0
422,2,0.3170049960557468,0.7411530370759944,0.4366513278990311,74104.0
422,3,0.3446476465947924,0.3553352616355496,0.3383250065737596,68044.0
422,Micro Avg,0.3256008414409727,0.3256008414409727,0.3256008414409727,243200.0
422,Macro Avg,0.16567052327110812,0.2741401525111677,0.19384959242704317,243200.0
422,weighted avg ,0.20618590586379706,0.3256008414409727,0.23784775177491854,243200.0
Epoch,class,precision,recall,fscore,support
423,0,0.0,0.0,0.0,53850.0
423,1,0.0,0.0,0.0,47437.0
423,2,0.3169464847848912,0.7409666841553006,0.4365516789087134,74272.0
423,3,0.3447350472193063,0.355431532004196,0.3384155299055633,68217.0
423,Micro Avg,0.32558499475341524,0.32558499475341524,0.32558499475341524,243776.0
423,Macro Avg,0.16567812172088783,0.2741172612801603,0.1938509968520581,243776.0
423,weighted avg ,0.20621327387198854,0.32558499475341524,0.2378685729276011,243776.0
Epoch,class,precision,recall,fscore,support
424,0,0.0,0.0,0.0,53984.0
424,1,0.0,0.0,0.0,47550.0
424,2,0.31694582570008,0.7409761842449635,0.43656241821513103,74447.0
424,3,0.34470295734100903,0.35540957864433265,0.3383734624443881,68371.0
424,Micro Avg,0.32556922271657146,0.32556922271657146,0.32556922271657146,244352.0
424,Macro Avg,0.16566998168019492,0.274116723370838,0.19384323475531168,244352.0
424,weighted avg ,0.20619209630987187,0.32556922271657146,0.2378461135828358,244352.0
Epoch,class,precision,recall,fscore,support
425,0,0.0,0.0,0.0,54102.0
425,1,0.0,0.0,0.0,47651.0
425,2,0.3170013054830301,0.7409751958224556,0.4366227154047039,74639.0
425,3,0.34477415143603013,0.35543864229764877,0.3384347258485659,68536.0
425,Micro Avg,0.3256344647519634,0.3256344647519634,0.3256344647519634,244928.0
425,Macro Avg,0.16570234986945825,0.2741253263707499,0.19387467362925487,244928.0
425,weighted avg ,0.20624151436031865,0.3256344647519634,0.23790731070496487,244928.0
Epoch,class,precision,recall,fscore,support
426,0,0.0,0.0,0.0,54227.0
426,1,0.0,0.0,0.0,47760.0
426,2,0.31702917426413285,0.7409442563167502,0.43665147173743585,74823.0
426,3,0.34471216462620347,0.3554571502995558,0.33840323000781647,68694.0
426,Micro Avg,0.32563948945038296,0.32563948945038296,0.32563948945038296,245504.0
426,Macro Avg,0.1656928887731246,0.27412346965354834,0.1938747069549483,245504.0
426,weighted avg ,0.2062216723105029,0.32563948945038296,0.23790179734306213,245504.0
Epoch,class,precision,recall,fscore,support
427,0,0.0,0.0,0.0,54355.0
427,1,0.0,0.0,0.0,47874.0
427,2,0.31705041580041726,0.7409173596673608,0.43666969854470283,75002.0
427,3,0.34469724532224416,0.35549636174636046,0.3384173596673617,68849.0
427,Micro Avg,0.32564189189189724,0.32564189189189724,0.32564189189189724,246080.0
427,Macro Avg,0.1656938669438736,0.27413071725571014,0.19387863825365043,246080.0
427,weighted avg ,0.20622141372141903,0.32564189189189724,0.23790800415800822,246080.0
Epoch,class,precision,recall,fscore,support
428,0,0.0,0.0,0.0,54475.0
428,1,0.0,0.0,0.0,47983.0
428,2,0.3170754472387881,0.7408841068187719,0.4366930256676215,75185.0
428,3,0.34467202488980947,0.35548353642727376,0.33840549649987234,69013.0
428,Micro Avg,0.325657246564693,0.325657246564693,0.325657246564693,246656.0
428,Macro Avg,0.16569484054965666,0.274121078558458,0.1938812548613034,246656.0
428,weighted avg ,0.20622245268343806,0.325657246564693,0.2379219600725993,246656.0
Epoch,class,precision,recall,fscore,support
429,0,0.0,0.0,0.0,54592.0
429,1,0.0,0.0,0.0,48087.0
429,2,0.3171533885152627,0.7409415416451121,0.4367847904811219,75375.0
429,3,0.34472452146921756,0.3554953440248306,0.3384337816864996,69178.0
429,Micro Avg,0.3257320227625508,0.3257320227625508,0.3257320227625508,247232.0
429,Macro Avg,0.16572814278324527,0.27413735126745276,0.19391101914124353,247232.0
429,weighted avg ,0.2062920331091621,0.3257320227625508,0.2379940506984003,247232.0
Epoch,class,precision,recall,fscore,support
430,0,0.0,0.0,0.0,54722.0
430,1,0.0,0.0,0.0,48200.0
430,2,0.31719870967742086,0.7409767741935492,0.43683096774193997,75561.0
430,3,0.34472258064516004,0.3555819354838696,0.3384619354838729,69325.0
430,Micro Avg,0.3257612903225862,0.3257612903225862,0.3257612903225862,247808.0
430,Macro Avg,0.16573806451613585,0.27416774193547677,0.1939303225806575,247808.0
430,weighted avg ,0.2062877419354892,0.3257612903225862,0.23800387096774595,247808.0
Epoch,class,precision,recall,fscore,support
431,0,0.0,0.0,0.0,54855.0
431,1,0.0,0.0,0.0,48305.0
431,2,0.31720262615860095,0.7410620494335743,0.43683702368692534,75739.0
431,3,0.34479145211122425,0.3555638516992777,0.33846549948506893,69485.0
431,Micro Avg,0.3257659629248253,0.3257659629248253,0.3257659629248253,248384.0
431,Macro Avg,0.16575566426365257,0.274182543769303,0.19393022657055825,248384.0
431,weighted avg ,0.20632595262616396,0.3257659629248253,0.23801493305870644,248384.0
Epoch,class,precision,recall,fscore,support
432,0,0.0,0.0,0.0,54991.0
432,1,0.0,0.0,0.0,48421.0
432,2,0.3171050603647587,0.7410095042383773,0.436735165681998,75892.0
432,3,0.34487670177241064,0.3556319034163869,0.33855381453891786,69656.0
432,Micro Avg,0.3257333675828466,0.3257333675828466,0.3257333675828466,248960.0
432,Macro Avg,0.16575263293090856,0.2741844335987602,0.19393013100437928,248960.0
432,weighted avg ,0.20631518109427716,0.3257333675828466,0.23799897251477417,248960.0
Epoch,class,precision,recall,fscore,support
433,0,0.0,0.0,0.0,55114.0
433,1,0.0,0.0,0.0,48525.0
433,2,0.31708482829318435,0.7409136340338295,0.43669015889288015,76064.0
433,3,0.34497180932854815,0.3557316760635558,0.3386494105586898,69833.0
433,Micro Avg,0.32575089697591547,0.32575089697591547,0.32575089697591547,249536.0
433,Macro Avg,0.16577139928242624,0.2741850333162413,0.19394541260893103,249536.0
433,weighted avg ,0.20637621732445433,0.32575089697591547,0.23804459251666218,249536.0
Epoch,class,precision,recall,fscore,support
434,0,0.0,0.0,0.0,55257.0
434,1,0.0,0.0,0.0,48636.0
434,2,0.31710341301291206,0.7409229195960637,0.43670970216030125,76250.0
434,3,0.34498913460309216,0.3558161830499795,0.33869231752524803,70001.0
434,Micro Avg,0.32577272146236036,0.32577272146236036,0.32577272146236036,250144.0
434,Macro Avg,0.16577783459031767,0.2742093825897926,0.19396139588394457,250144.0
434,weighted avg ,0.2063914099450392,0.32577272146236036,0.23806340278665886,250144.0
Epoch,class,precision,recall,fscore,support
435,0,0.0,0.0,0.0,55379.0
435,1,0.0,0.0,0.0,48752.0
435,2,0.3171751052161729,0.7409973217701832,0.4367950516515798,76438.0
435,3,0.3451192449942596,0.3558946562938387,0.33879224588700624,70151.0
435,Micro Avg,0.32584364239255764,0.32584364239255764,0.32584364239255764,250720.0
435,Macro Avg,0.16582833822217266,0.27424563193469564,0.19400969264125734,250720.0
435,weighted avg ,0.20643285295243488,0.32584364239255764,0.23811631169494094,250720.0
Epoch,class,precision,recall,fscore,support
436,0,0.0,0.0,0.0,55499.0
436,1,0.0,0.0,0.0,48860.0
436,2,0.31718666497009945,0.7409505026084751,0.4367985748823053,76622.0
436,3,0.3450935233490252,0.3558429825677553,0.3387492047334287,70315.0
436,Micro Avg,0.32584552742079714,0.32584552742079714,0.32584552742079714,251296.0
436,Macro Avg,0.16582516859652077,0.27422063875810515,0.19399923654410223,251296.0
436,weighted avg ,0.2064333884718212,0.32584552742079714,0.23811935360733325,251296.0
Epoch,class,precision,recall,fscore,support
437,0,0.0,0.0,0.0,55631.0
437,1,0.0,0.0,0.0,48966.0
437,2,0.3171499301764647,0.7409394439507434,0.436761457407647,76792.0
437,3,0.34511108289957965,0.35580931826837486,0.3387406372984659,70483.0
437,Micro Avg,0.3258207439380533,0.3258207439380533,0.3258207439380533,251872.0
437,Macro Avg,0.16582074393805482,0.2742097245144027,0.19399009775296436,251872.0
437,weighted avg ,0.2064313825060357,0.3258207439380533,0.2381033388345858,251872.0
Epoch,class,precision,recall,fscore,support
438,0,0.0,0.0,0.0,55769.0
438,1,0.0,0.0,0.0,49077.0
438,2,0.3171298290057014,0.7408942368587721,0.43673337555415265,76965.0
438,3,0.3450196326789092,0.3558201393286876,0.33870044331855786,70637.0
438,Micro Avg,0.32578467384421095,0.32578467384421095,0.32578467384421095,252448.0
438,Macro Avg,0.16579100696644183,0.27419886003799243,0.19397340088664988,252448.0
438,weighted avg ,0.20637745408486935,0.32578467384421095,0.23806206459785081,252448.0
Epoch,class,precision,recall,fscore,support
439,0,0.0,0.0,0.0,55906.0
439,1,0.0,0.0,0.0,49183.0
439,2,0.31713383040566306,0.7408947301908259,0.4367218501200601,77138.0
439,3,0.3450423353974457,0.3558448123341323,0.33873120181979205,70797.0
439,Micro Avg,0.3257879438898074,0.3257879438898074,0.3257879438898074,253024.0
439,Macro Avg,0.16579805383546808,0.27420320990774055,0.1939782636168459,253024.0
439,weighted avg ,0.20639454062934967,0.3257879438898074,0.2380791103247861,253024.0
Epoch,class,precision,recall,fscore,support
440,0,0.0,0.0,0.0,56030.0
440,1,0.0,0.0,0.0,49308.0
440,2,0.3170772916403999,0.7408561341571057,0.43665111587442135,77303.0
440,3,0.3450018913125694,0.35578993821712124,0.3386949943260642,70959.0
440,Micro Avg,0.3257508510906627,0.3257508510906627,0.3257508510906627,253600.0
440,Macro Avg,0.16577354684151546,0.27417601815659454,0.19394906064810263,253600.0
440,weighted avg ,0.20636741898878377,0.3257508510906627,0.23804690455176306,253600.0
Epoch,class,precision,recall,fscore,support
441,0,0.0,0.0,0.0,56158.0
441,1,0.0,0.0,0.0,49407.0
441,2,0.31711661844257283,0.7408051327210977,0.43668134356523297,77491.0
441,3,0.34496540445338886,0.3557378286576913,0.33865895081142466,71120.0
441,Micro Avg,0.3257655050949864,0.3257655050949864,0.3257655050949864,254176.0
441,Macro Avg,0.16577556925400175,0.27415146559315035,0.19394515033338822,254176.0
441,weighted avg ,0.20639325701346642,0.3257655050949864,0.23807522958863167,254176.0
Epoch,class,precision,recall,fscore,support
442,0,0.0,0.0,0.0,56282.0
442,1,0.0,0.0,0.0,49521.0
442,2,0.3170553533324981,0.740823396510607,0.4366273377682989,77656.0
442,3,0.34493661353081306,0.3556257060374027,0.3385866700138088,71293.0
442,Micro Avg,0.3257223547131979,0.3257223547131979,0.3257223547131979,254752.0
442,Macro Avg,0.16575624450860554,0.2741270239738864,0.19391238860300034,254752.0
442,weighted avg ,0.20636751600352013,0.3257223547131979,0.23803188151123808,254752.0
Epoch,class,precision,recall,fscore,support
443,0,0.0,0.0,0.0,56414.0
443,1,0.0,0.0,0.0,49634.0
443,2,0.317000626174078,0.7407413901064503,0.43656480901691136,77824.0
443,3,0.34488791484032405,0.3556430807764542,0.3385698184095196,71456.0
443,Micro Avg,0.32568065122104545,0.32568065122104545,0.32568065122104545,255328.0
443,Macro Avg,0.16572949279900576,0.2741089542892866,0.19389355040702627,255328.0
443,weighted avg ,0.20633562930495244,0.32568065122104545,0.23800125234815706,255328.0
Epoch,class,precision,recall,fscore,support
444,0,0.0,0.0,0.0,56558.0
444,1,0.0,0.0,0.0,49743.0
444,2,0.3169436461327019,0.7407159815069355,0.43650631013370433,77985.0
444,3,0.34496938648006836,0.3557453454954375,0.33866050231163497,71618.0
444,Micro Avg,0.32565662876421947,0.32565662876421947,0.32565662876421947,255904.0
444,Macro Avg,0.1657353492440412,0.274127202299132,0.19390228664252226,255904.0
444,weighted avg ,0.20631513182557107,0.32565662876421947,0.23797450955891972,255904.0
Epoch,class,precision,recall,fscore,support
445,0,0.0,0.0,0.0,56692.0
445,1,0.0,0.0,0.0,49845.0
445,2,0.3169592320159597,0.7406046627602549,0.43650791671861805,78162.0
445,3,0.3449495075426988,0.35586211195611356,0.33871213065702716,71781.0
445,Micro Avg,0.32567011594564865,0.32567011594564865,0.32567011594564865,256480.0
445,Macro Avg,0.16573245231268702,0.27412791422515315,0.19391721730458872,256480.0
445,weighted avg ,0.20631218052612463,0.32567011594564865,0.23799276898142807,256480.0
Epoch,class,precision,recall,fscore,support
446,0,0.0,0.0,0.0,56820.0
446,1,0.0,0.0,0.0,49964.0
446,2,0.31690011195422474,0.7406095285483276,0.4364535389973921,78322.0
446,3,0.3449371812414463,0.3558390347058076,0.3387050628187604,71950.0
446,Micro Avg,0.3256325413608717,0.3256325413608717,0.3256325413608717,257056.0
446,Macro Avg,0.16571712899615162,0.2741273790272365,0.1939034705809313,257056.0
446,weighted avg ,0.2062781440477728,0.3256325413608717,0.23795621345938986,257056.0
Epoch,class,precision,recall,fscore,support
447,0,0.0,0.0,0.0,56940.0
447,1,0.0,0.0,0.0,50086.0
447,2,0.31684001489388264,0.7404927392329659,0.43638575152042136,78496.0
447,3,0.344844234826857,0.3557291795953812,0.33862355715527054,72110.0
447,Micro Avg,0.32557527615738474,0.32557527615738474,0.32557527615738474,257632.0
447,Macro Avg,0.1656807744818249,0.2740709941665576,0.19386744445824833,257632.0
447,weighted avg ,0.20622564229862803,0.32557527615738474,0.23790740970585023,257632.0
Epoch,class,precision,recall,fscore,support
448,0,0.0,0.0,0.0,57069.0
448,1,0.0,0.0,0.0,50186.0
448,2,0.31685325077399545,0.7403442724458211,0.4363715170278682,78682.0
448,3,0.34476532507739777,0.3557424148606795,0.3385845201238409,72271.0
448,Micro Avg,0.3255578947368482,0.3255578947368482,0.3255578947368482,258208.0
448,Macro Avg,0.16566068111455898,0.2740383900928736,0.1938513931888678,258208.0
448,weighted avg ,0.2062241486068169,0.3255578947368482,0.23790835913313133,258208.0
Epoch,class,precision,recall,fscore,support
449,0,0.0,0.0,0.0,57214.0
449,1,0.0,0.0,0.0,50292.0
449,2,0.3168083528975676,0.7403533918200922,0.4363289262325511,78850.0
449,3,0.3447238354133184,0.3557135796367214,0.3385543061905369,72428.0
449,Micro Avg,0.3255035215618497,0.3255035215618497,0.3255035215618497,258784.0
449,Macro Avg,0.1656406771283905,0.27403311503768135,0.19383170641296288,258784.0
449,weighted avg ,0.20616829358705635,0.3255035215618497,0.2378524650932949,258784.0
Epoch,class,precision,recall,fscore,support
450,0,0.0,0.0,0.0,57337.0
450,1,0.0,0.0,0.0,50420.0
450,2,0.31683431952662905,0.7403279092702177,0.43634122287968896,79038.0
450,3,0.34470537475344987,0.35573101577909105,0.3385490631163727,72597.0
450,Micro Avg,0.32551775147929624,0.32551775147929624,0.32551775147929624,259392.0
450,Macro Avg,0.16564102564103364,0.27403106508875186,0.19383259368837638,259392.0
450,weighted avg ,0.20618466469428592,0.32551775147929624,0.23786858974359412,259392.0
Epoch,class,precision,recall,fscore,support
451,0,0.0,0.0,0.0,57459.0
451,1,0.0,0.0,0.0,50537.0
451,2,0.3168290282902848,0.7402853628536293,0.4363382533825384,79212.0
451,3,0.34473677736777186,0.35583271832718155,0.33862115621156397,72760.0
451,Micro Avg,0.32553382533825964,0.32553382533825964,0.32553382533825964,259968.0
451,Macro Avg,0.16564944649447297,0.27404674046739913,0.1938511685116986,259968.0
451,weighted avg ,0.20617712177122363,0.32553382533825964,0.23787822878229226,259968.0
Epoch,class,precision,recall,fscore,support
452,0,0.0,0.0,0.0,57588.0
452,1,0.0,0.0,0.0,50650.0
452,2,0.3168679430535119,0.7404246440844388,0.43639788905253274,79385.0
452,3,0.3448220422189477,0.35583701521845673,0.33865856651939313,72921.0
452,Micro Avg,0.32556578301424305,0.32556578301424305,0.32556578301424305,260544.0
452,Macro Avg,0.16567992145312543,0.27408321060382373,0.19387702503683238,260544.0
452,weighted avg ,0.20620765832106633,0.32556578301424305,0.2379025527736912,260544.0
Epoch,class,precision,recall,fscore,support
453,0,0.0,0.0,0.0,57723.0
453,1,0.0,0.0,0.0,50756.0
453,2,0.31684423218222085,0.7403832965956413,0.43636909135440083,79559.0
453,3,0.34480773940729686,0.35580822924320177,0.3386296840558432,73082.0
453,Micro Avg,0.3255339211364258,0.3255339211364258,0.3255339211364258,261120.0
453,Macro Avg,0.16566740142053227,0.27406441342149845,0.1938623561107165,261120.0
453,weighted avg ,0.20618785206956267,0.3255339211364258,0.23787656135195157,261120.0
Epoch,class,precision,recall,fscore,support
454,0,0.0,0.0,0.0,57847.0
454,1,0.0,0.0,0.0,50880.0
454,2,0.3169000488758572,0.7404093352883684,0.43641739980450117,79744.0
454,3,0.34472873900293094,0.3558846529814255,0.3386082600195522,73225.0
454,Micro Avg,0.325540078201375,0.325540078201375,0.325540078201375,261696.0
454,Macro Avg,0.16565982404692906,0.27409090909090383,0.19387341153471546,261696.0
454,weighted avg ,0.20617179863148202,0.325540078201375,0.2378739002932596,261696.0
Epoch,class,precision,recall,fscore,support
455,0,0.0,0.0,0.0,57976.0
455,1,0.0,0.0,0.0,50989.0
455,2,0.316942209217266,0.7404754937820052,0.43646915386491547,79924.0
455,3,0.34470129236771363,0.35586930017068835,0.3385857108022453,73383.0
455,Micro Avg,0.3255608388198065,0.3255608388198065,0.3255608388198065,262272.0
455,Macro Avg,0.16566569129481443,0.274105096317966,0.19388076079006486,262272.0
455,weighted avg ,0.20618385759571434,0.3255608388198065,0.237890758351626,262272.0
Epoch,class,precision,recall,fscore,support
456,0,0.0,0.0,0.0,58117.0
456,1,0.0,0.0,0.0,51099.0
456,2,0.3168515815085177,0.7404063260340642,0.43636861313869063,80080.0
456,3,0.34477858880778434,0.35591849148418325,0.338639902676401,73552.0
456,Micro Avg,0.32550608272506726,0.32550608272506726,0.32550608272506726,262848.0
456,Macro Avg,0.16566058394161415,0.2740985401459802,0.19386982968371197,262848.0
456,weighted avg ,0.20615085158151453,0.32550608272506726,0.23784306569343516,262848.0
Epoch,class,precision,recall,fscore,support
457,0,0.0,0.0,0.0,58253.0
457,1,0.0,0.0,0.0,51211.0
457,2,0.31683175528040974,0.740401796552562,0.4363474144209806,80256.0
457,3,0.34468438941490503,0.3558400097110933,0.33856761349842385,73704.0
457,Micro Avg,0.3254782714251096,0.3254782714251096,0.3254782714251096,263424.0
457,Macro Avg,0.1656336489439267,0.27407865986889496,0.19384680747755687,263424.0
457,weighted avg ,0.2061143481427591,0.3254782714251096,0.2378162175285309,263424.0
Epoch,class,precision,recall,fscore,support
458,0,0.0,0.0,0.0,58387.0
458,1,0.0,0.0,0.0,51326.0
458,2,0.31680717054263746,0.740317344961241,0.4363117732558186,80430.0
458,3,0.3446850775193783,0.35591327519379673,0.33859375000000197,73857.0
458,Micro Avg,0.3254517926356653,0.3254517926356653,0.3254517926356653,264000.0
458,Macro Avg,0.16562500000000832,0.27407703488371576,0.19384326550388978,264000.0
458,weighted avg ,0.20608284883721534,0.3254517926356653,0.23778585271318284,264000.0
Epoch,class,precision,recall,fscore,support
459,0,0.0,0.0,0.0,58519.0
459,1,0.0,0.0,0.0,51433.0
459,2,0.31686850374667813,0.7404157602127153,0.4363923132704905,80613.0
459,3,0.3447594875513643,0.3559934735315429,0.3386765772298787,74011.0
459,Micro Avg,0.3255148658448217,0.3255148658448217,0.3255148658448217,264576.0
459,Macro Avg,0.16565989847716575,0.2741213439690546,0.19388566594151732,264576.0
459,weighted avg ,0.20611554266377208,0.3255148658448217,0.23783297075175708,264576.0
Epoch,class,precision,recall,fscore,support
460,0,0.0,0.0,0.0,58648.0
460,1,0.0,0.0,0.0,51547.0
460,2,0.3168933912204553,0.7404667149059337,0.4364242643511866,80792.0
460,3,0.3447105643994197,0.3559539315002395,0.33863000482392863,74165.0
460,Micro Avg,0.3255173661360414,0.3255173661360414,0.3255173661360414,265152.0
460,Macro Avg,0.16565364206464905,0.2741232513265749,0.19388326097444702,265152.0
460,weighted avg ,0.20609020742885314,0.3255173661360414,0.23781958514231044,265152.0
Epoch,class,precision,recall,fscore,support
461,0,0.0,0.0,0.0,58786.0
461,1,0.0,0.0,0.0,51661.0
461,2,0.31693020457280585,0.7404259927797839,0.4364536702767797,80973.0
461,3,0.34471359807460744,0.3560613718411535,0.33865463297232457,74308.0
461,Micro Avg,0.32552346570397783,0.32552346570397783,0.32552346570397783,265728.0
461,Macro Avg,0.16566425992780626,0.2741395908543874,0.19389530685921968,265728.0
461,weighted avg ,0.20607821901324316,0.32552346570397783,0.2378134777376701,265728.0
Epoch,class,precision,recall,fscore,support
462,0,0.0,0.0,0.0,58916.0
462,1,0.0,0.0,0.0,51781.0
462,2,0.3169512487992335,0.7404034582132568,0.43645052833814113,81153.0
462,3,0.3446481748318908,0.35615033621517594,0.33864673390970434,74454.0
462,Micro Avg,0.3255115273775283,0.3255115273775283,0.3255115273775283,266304.0
462,Macro Avg,0.1656532180595666,0.2741582612872188,0.19389048991355856,266304.0
462,weighted avg ,0.2060566762728207,0.3255115273775283,0.23780019212296336,266304.0
Epoch,class,precision,recall,fscore,support
463,0,0.0,0.0,0.0,59039.0
463,1,0.0,0.0,0.0,51898.0
463,2,0.31691109513539617,0.7403067337646778,0.43639947280134667,81330.0
463,3,0.34455787203450605,0.3560831536065163,0.33857776180206317,74613.0
463,Micro Avg,0.32545530793195027,0.32545530793195027,0.32545530793195027,266880.0
463,Macro Avg,0.16562425113827836,0.27411334771147355,0.19385933381261877,266880.0
463,weighted avg ,0.20600527198658652,0.32545530793195027,0.23775221663072593,266880.0
Epoch,class,precision,recall,fscore,support
464,0,0.0,0.0,0.0,59175.0
464,1,0.0,0.0,0.0,52004.0
464,2,0.31693687230990153,0.7403861788617885,0.4364359158297513,81506.0
464,3,0.34454925872787995,0.3560724533715907,0.338573648971786,74771.0
464,Micro Avg,0.3254758488761427,0.3254758488761427,0.3254758488761427,267456.0
464,Macro Avg,0.165627690100439,0.27412840746054024,0.19386537541847404,267456.0
464,weighted avg ,0.20600908656146,0.3254758488761427,0.23776422764228106,267456.0
Epoch,class,precision,recall,fscore,support
465,0,0.0,0.0,0.0,59306.0
465,1,0.0,0.0,0.0,52121.0
465,2,0.3168873777141512,0.7403304700548794,0.4363731806251539,81672.0
465,3,0.3445585779050331,0.3560677642567388,0.33857790503460017,74933.0
465,Micro Avg,0.32544142209497234,0.32544142209497234,0.32544142209497234,268032.0
465,Macro Avg,0.16561441183489287,0.274113576711997,0.1938499164877258,268032.0
465,weighted avg ,0.2059949892627119,0.32544142209497234,0.23773920305416835,268032.0
Epoch,class,precision,recall,fscore,support
466,0,0.0,0.0,0.0,59442.0
466,1,0.0,0.0,0.0,52232.0
466,2,0.3168706106415923,0.7402952029520292,0.43635400547554326,81856.0
466,3,0.3446161171289117,0.35612427092012666,0.3386370670158337,75110.0
466,Micro Avg,0.32544935126771307,0.32544935126771307,0.32544935126771307,268640.0
466,Macro Avg,0.1656243304368614,0.27411855731460066,0.1938602547315936,268640.0
466,weighted avg ,0.2060123794786396,0.32544935126771307,0.23775264849423156,268640.0
Epoch,class,precision,recall,fscore,support
467,0,0.0,0.0,0.0,59574.0
467,1,0.0,0.0,0.0,52342.0
467,2,0.3168891792374411,0.7404751158094783,0.4363998099536809,82023.0
467,3,0.34468345409193335,0.3561325573108426,0.33868868036584143,75277.0
467,Micro Avg,0.3254863998099606,0.3254863998099606,0.3254863998099606,269216.0
467,Macro Avg,0.16564793918518508,0.27416557785959866,0.19388407174250133,269216.0
467,weighted avg ,0.20604109751752597,0.3254863998099606,0.23777764580116867,269216.0
Epoch,class,precision,recall,fscore,support
468,0,0.0,0.0,0.0,59694.0
468,1,0.0,0.0,0.0,52456.0
468,2,0.3169005570700506,0.7404812137015524,0.436415787602233,82197.0
468,3,0.3447185018371442,0.3561668839634922,0.3387388882304159,75445.0
468,Micro Avg,0.32551499348110213,0.32551499348110213,0.32551499348110213,269792.0
468,Macro Avg,0.16566196515349932,0.2741744695981938,0.19390304610645007,269792.0
468,weighted avg ,0.20604835842124586,0.32551499348110213,0.23779779542491866,269792.0
Epoch,class,precision,recall,fscore,support
469,0,0.0,0.0,0.0,59837.0
469,1,0.0,0.0,0.0,52570.0
469,2,0.31677468953282284,0.7404056771141334,0.43627675931402016,82350.0
469,3,0.34474157303370623,0.3561419278533393,0.3387474866942661,75611.0
469,Micro Avg,0.3254370195150867,0.3254370195150867,0.3254370195150867,270368.0
469,Macro Avg,0.1656357185097663,0.27414784151389265,0.19387108219989585,270368.0
469,weighted avg ,0.20599881726789485,0.3254370195150867,0.23773033707865623,270368.0
Epoch,class,precision,recall,fscore,support
470,0,0.0,0.0,0.0,59961.0
470,1,0.0,0.0,0.0,52681.0
470,2,0.31679924465950865,0.7404827097840196,0.4363106337778875,82528.0
470,3,0.34476808686415505,0.356106455800777,0.33874306621031747,75774.0
470,Micro Avg,0.32545733506432883,0.32545733506432883,0.32545733506432883,270944.0
470,Macro Avg,0.16564617018766375,0.27415909359140356,0.19387820134546446,270944.0
470,weighted avg ,0.20602029977576433,0.32545733506432883,0.23774224005665512,270944.0
Epoch,class,precision,recall,fscore,support
471,0,0.0,0.0,0.0,60090.0
471,1,0.0,0.0,0.0,52792.0
471,2,0.31674596631727914,0.7405064185608289,0.4362654575432859,82690.0
471,3,0.3448380638322914,0.35607702272994746,0.338761041102346,75948.0
471,Micro Avg,0.3254351666470449,0.3254351666470449,0.3254351666470449,271520.0
471,Macro Avg,0.16565068896479518,0.27415734306912765,0.19387233541398202,271520.0
471,weighted avg ,0.2060287363090392,0.3254351666470449,0.2377305382169402,271520.0
Epoch,class,precision,recall,fscore,support
472,0,0.0,0.0,0.0,60221.0
472,1,0.0,0.0,0.0,52907.0
472,2,0.31676812786461594,0.7404841932071923,0.4362827594311954,82875.0
472,3,0.3447596662357487,0.35607709484075495,0.3387013750146927,76093.0
472,Micro Avg,0.3254307204136866,0.3254307204136866,0.3254307204136866,272096.0
472,Macro Avg,0.16563873545658442,0.2741497238218314,0.19386296862147398,272096.0
472,weighted avg ,0.20600423081443792,0.3254307204136866,0.2377141849806134,272096.0
Epoch,class,precision,recall,fscore,support
473,0,0.0,0.0,0.0,60335.0
473,1,0.0,0.0,0.0,53017.0
473,2,0.31671983112466484,0.7403870059810014,0.43621672334936573,83043.0
473,3,0.3446651811891622,0.35596692857980355,0.3386102967045879,76245.0
473,Micro Avg,0.32537117391814946,0.32537117391814946,0.32537117391814946,272640.0
473,Macro Avg,0.16560455025214935,0.2740963996716271,0.1938243227395476,272640.0
473,weighted avg ,0.20596458308901755,0.32537117391814946,0.23767092764161363,272640.0
Epoch,class,precision,recall,fscore,support
474,0,0.0,0.0,0.0,60460.0
474,1,0.0,0.0,0.0,53128.0
474,2,0.3166881217086035,0.7403674663545929,0.43618139262727235,83210.0
474,3,0.3447068461088339,0.35595787009947166,0.3386331187829165,76418.0
474,Micro Avg,0.3253551784669468,0.3253551784669468,0.3253551784669468,273216.0
474,Macro Avg,0.16560912814512327,0.2740924517261515,0.19381977764776165,273216.0
474,weighted avg ,0.20596840257461124,0.3253551784669468,0.2376664716208355,273216.0
Epoch,class,precision,recall,fscore,support
475,0,0.0,0.0,0.0,60580.0
475,1,0.0,0.0,0.0,53248.0
475,2,0.3166448674529974,0.7402989606446337,0.4361263575849635,83378.0
475,3,0.3447261473782537,0.3560247576783819,0.33866635524933103,76586.0
475,Micro Avg,0.3253252364825483,0.3253252364825483,0.3253252364825483,273792.0
475,Macro Avg,0.16560317645685843,0.2740920238234223,0.19381291603411466,273792.0
475,weighted avg ,0.20596169566741251,0.3253252364825483,0.23764802055354894,273792.0
Epoch,class,precision,recall,fscore,support
476,0,0.0,0.0,0.0,60714.0
476,1,0.0,0.0,0.0,53347.0
476,2,0.31670085071670157,0.7403496096026102,0.43619974361962977,83568.0
476,3,0.3446661228295053,0.3559573476284795,0.3386178767043493,76739.0
476,Micro Avg,0.32535951520802486,0.32535951520802486,0.32535951520802486,274368.0
476,Macro Avg,0.1656030765645122,0.27408693625451175,0.19381890222586232,274368.0
476,weighted avg ,0.2059643398205399,0.32535951520802486,0.23766926931593516,274368.0
Epoch,class,precision,recall,fscore,support
477,0,0.0,0.0,0.0,60843.0
477,1,0.0,0.0,0.0,53448.0
477,2,0.3167240376788018,0.7403488777764853,0.43621932782882245,83743.0
477,3,0.3447121758343976,0.35602744505174805,0.3386870566344948,76910.0
477,Micro Avg,0.3253889987207885,0.3253889987207885,0.3253889987207885,274944.0
477,Macro Avg,0.16562158390511458,0.27410512850331037,0.19384230724504303,274944.0
477,weighted avg ,0.20599139434818622,0.3253889987207885,0.23770554715665074,274944.0
Epoch,class,precision,recall,fscore,support
478,0,0.0,0.0,0.0,60972.0
478,1,0.0,0.0,0.0,53556.0
478,2,0.3167552512475358,0.7402727167227567,0.43623302773587624,83933.0
478,3,0.344616455843099,0.3559939654171963,0.33863061390275273,77059.0
478,Micro Avg,0.32538934664036917,0.32538934664036917,0.32538934664036917,275520.0
478,Macro Avg,0.16560752001857734,0.27407682488104507,0.1938296390855432,275520.0
478,weighted avg ,0.20598003945689375,0.32538934664036917,0.23770917952884302,275520.0
Epoch,class,precision,recall,fscore,support
479,0,0.0,0.0,0.0,61104.0
479,1,0.0,0.0,0.0,53674.0
479,2,0.3167156919513626,0.7402096120440064,0.43617486971627617,84102.0
479,3,0.34453155761435833,0.3559930515344505,0.3385836711059665,77216.0
479,Micro Avg,0.3253352634626592,0.3253352634626592,0.3253352634626592,276096.0
479,Macro Avg,0.16557498552403954,0.2740613781123295,0.19380081065432847,276096.0
479,weighted avg ,0.20593283149971672,0.3253352634626592,0.23766299942096578,276096.0
Epoch,class,precision,recall,fscore,support
480,0,0.0,0.0,0.0,61237.0
480,1,0.0,0.0,0.0,53778.0
480,2,0.3167271466543414,0.7402346007165139,0.4361955391193858,84275.0
480,3,0.34470472668438507,0.3561077083092546,0.33871374089911255,77382.0
480,Micro Avg,0.32538310412574406,0.32538310412574406,0.32538310412574406,276672.0
480,Macro Avg,0.1656211718479235,0.2740945336877345,0.19383681960015334,276672.0
480,weighted avg ,0.2060002311337171,0.32538310412574406,0.23771639893678956,276672.0
Epoch,class,precision,recall,fscore,support
481,0,0.0,0.0,0.0,61370.0
481,1,0.0,0.0,0.0,53879.0
481,2,0.3167823780417502,0.740220274478145,0.43623226848114927,84465.0
481,3,0.34463729673624544,0.35611348172067575,0.338663360627381,77534.0
481,Micro Avg,0.3253857686541418,0.3253857686541418,0.3253857686541418,277248.0
481,Macro Avg,0.1656187290969995,0.2740952600622727,0.19383577442049676,277248.0
481,weighted avg ,0.2060073809249284,0.3253857686541418,0.23772575250836578,277248.0
Epoch,class,precision,recall,fscore,support
482,0,0.0,0.0,0.0,61504.0
482,1,0.0,0.0,0.0,53998.0
482,2,0.31679861910241836,0.7403003452243951,0.436257767548912,84645.0
482,3,0.3446593785960856,0.3561081703106995,0.33866628308400687,77709.0
482,Micro Avg,0.325400460299202,0.325400460299202,0.325400460299202,277856.0
482,Macro Avg,0.1656271576524837,0.274112773302643,0.19383889528194803,277856.0
482,weighted avg ,0.2060253164557025,0.325400460299202,0.23773302646720826,277856.0
Epoch,class,precision,recall,fscore,support
483,0,0.0,0.0,0.0,61631.0
483,1,0.0,0.0,0.0,54111.0
483,2,0.3167880110243472,0.7403261368856215,0.43626205787781885,84810.0
483,3,0.34467041800642895,0.3561288470372047,0.3386851171336726,77880.0
483,Micro Avg,0.3253996325218266,0.3253996325218266,0.3253996325218266,278432.0
483,Macro Avg,0.1656258612769963,0.27412379421221483,0.19384588883786508,278432.0
483,weighted avg ,0.20602664216812755,0.3253996325218266,0.23772967386311894,278432.0
Epoch,class,precision,recall,fscore,support
484,0,0.0,0.0,0.0,61750.0
484,1,0.0,0.0,0.0,54211.0
484,2,0.31678890671556437,0.7402475360990136,0.4362491404996615,84986.0
484,3,0.3446057758423084,0.3560909924363945,0.338621361448547,78029.0
484,Micro Avg,0.3253827641531133,0.3253827641531133,0.3253827641531133,278976.0
484,Macro Avg,0.1656096722438786,0.27409465963786,0.19382534953015468,278976.0
484,weighted avg ,0.20603140041256646,0.3253827641531133,0.237733211093289,278976.0
Epoch,class,precision,recall,fscore,support
485,0,0.0,0.0,0.0,61874.0
485,1,0.0,0.0,0.0,54322.0
485,2,0.31675434583714707,0.7401784080512342,0.43620425434584253,85150.0
485,3,0.3447552607502267,0.3561951052150021,0.3387317017383372,78206.0
485,Micro Avg,0.325392268984454,0.325392268984454,0.325392268984454,279552.0
485,Macro Avg,0.16563586459287336,0.27410567246111234,0.19384377859104876,279552.0
485,weighted avg ,0.20608645928637406,0.325392268984454,0.2377596065873787,279552.0
Epoch,class,precision,recall,fscore,support
486,0,0.0,0.0,0.0,61985.0
486,1,0.0,0.0,0.0,54441.0
486,2,0.3168100890207731,0.7403492353343973,0.436295366354719,85325.0
486,3,0.3449292398995643,0.3563010728144234,0.3388735448527757,78377.0
486,Micro Avg,0.3254770600319638,0.3254770600319638,0.3254770600319638,280128.0
486,Macro Avg,0.1656939055010369,0.27417712850946896,0.19390207715135024,280128.0
486,weighted avg ,0.2061492809860825,0.3254770600319638,0.23782355626569723,280128.0
Epoch,class,precision,recall,fscore,support
487,0,0.0,0.0,0.0,62111.0
487,1,0.0,0.0,0.0,54555.0
487,2,0.31676537585421577,0.7403849658314339,0.4362574031890714,85486.0
487,3,0.3449464692482896,0.35624259681093134,0.33886788154897735,78552.0
487,Micro Avg,0.32546013667426743,0.32546013667426743,0.32546013667426743,280704.0
487,Macro Avg,0.1656890660592353,0.2741719817767617,0.19389179954443406,280704.0
487,weighted avg ,0.20614692482916347,0.32546013667426743,0.23781093394077898,280704.0
Epoch,class,precision,recall,fscore,support
488,0,0.0,0.0,0.0,62229.0
488,1,0.0,0.0,0.0,54663.0
488,2,0.3167958626960689,0.740433052966582,0.43630029552171484,85670.0
488,3,0.34491475335303273,0.35619799954534864,0.33883155262559916,78718.0
488,Micro Avg,0.32549329393044657,0.32549329393044657,0.32549329393044657,281280.0
488,Macro Avg,0.16568765628552926,0.27417594907933257,0.19389406683338622,281280.0
488,weighted avg ,0.20617299386224777,0.32549329393044657,0.237839281654926,281280.0
Epoch,class,precision,recall,fscore,support
489,0,0.0,0.0,0.0,62351.0
489,1,0.0,0.0,0.0,54784.0
489,2,0.31676270417423036,0.740414019963701,0.4362692831216025,85840.0
489,3,0.3449546279491813,0.35620009074409903,0.3388656987295849,78881.0
489,Micro Avg,0.3254843466424761,0.3254843466424761,0.3254843466424761,281856.0
489,Macro Avg,0.16569078947369403,0.27417082577132124,0.19389632486389888,281856.0
489,weighted avg ,0.20616606170599547,0.3254843466424761,0.2378312159709663,281856.0
Epoch,class,precision,recall,fscore,support
490,0,0.0,0.0,0.0,62487.0
490,1,0.0,0.0,0.0,54883.0
490,2,0.31676364047996547,0.7403531808920066,0.43626669685307307,86019.0
490,3,0.3448517093049561,0.35612180212813865,0.33878763866878203,79043.0
490,Micro Avg,0.3254709078560187,0.3254709078560187,0.3254709078560187,282432.0
490,Macro Avg,0.16566447815260213,0.2741362916006303,0.19387480190175826,282432.0
490,weighted avg ,0.20613991396876347,0.3254709078560187,0.23781639121576162,282432.0
Epoch,class,precision,recall,fscore,support
491,0,0.0,0.0,0.0,62607.0
491,1,0.0,0.0,0.0,54993.0
491,2,0.3167498870311811,0.7404145955716207,0.436262991414375,86183.0
491,3,0.3449152733845438,0.35610709444193145,0.3388194758246747,79225.0
491,Micro Avg,0.32547785811116925,0.32547785811116925,0.32547785811116925,283008.0
491,Macro Avg,0.165677812923643,0.27414821509263093,0.19388273836422654,283008.0
491,weighted avg ,0.2061658382286553,0.32547785811116925,0.2378276095797603,283008.0
Epoch,class,precision,recall,fscore,support
492,0,0.0,0.0,0.0,62724.0
492,1,0.0,0.0,0.0,55113.0
492,2,0.3167012401352893,0.7403506200676423,0.43619616685457135,86349.0
492,3,0.34495941375422573,0.3561037204058599,0.3388354002254815,79398.0
492,Micro Avg,0.3254396843292075,0.3254396843292075,0.3254396843292075,283584.0
492,Macro Avg,0.16567643742954777,0.2741319052987564,0.19386809470125527,283584.0
492,weighted avg ,0.206167981961675,0.3254396843292075,0.2378128523111654,283584.0
Epoch,class,precision,recall,fscore,support
493,0,0.0,0.0,0.0,62863.0
493,1,0.0,0.0,0.0,55211.0
493,2,0.3167101710171035,0.7404072907290715,0.43621849684969055,86521.0
493,3,0.34508438343834175,0.3561903690369011,0.3389345184518475,79565.0
493,Micro Avg,0.325479297929801,0.325479297929801,0.325479297929801,284160.0
493,Macro Avg,0.165712196219632,0.2741674167416708,0.19389626462647783,284160.0
493,weighted avg ,0.2062139963996464,0.325479297929801,0.23784765976598088,284160.0
Epoch,class,precision,recall,fscore,support
494,0,0.0,0.0,0.0,62989.0
494,1,0.0,0.0,0.0,55315.0
494,2,0.31671008309005344,0.7404401527060394,0.43621715697283286,86696.0
494,3,0.3451190208847947,0.3561396811138532,0.3389209521670806,79736.0
494,Micro Avg,0.32549292611723235,0.32549292611723235,0.32549292611723235,284736.0
494,Macro Avg,0.1657219851785414,0.2741623624522759,0.1938906355266265,284736.0
494,weighted avg ,0.20626094767573064,0.32549292611723235,0.23787334381316397,284736.0
Epoch,class,precision,recall,fscore,support
495,0,0.0,0.0,0.0,63117.0
495,1,0.0,0.0,0.0,55422.0
495,2,0.3167480950246545,0.7404146122814866,0.4362494397131386,86880.0
495,3,0.3450201703272054,0.356057821604659,0.33883348274316677,79893.0
495,Micro Avg,0.32548744957419,0.32548744957419,0.32548744957419,285312.0
495,Macro Avg,0.16570596145227368,0.27413379650380654,0.1938749439713286,285312.0
495,weighted avg ,0.2062584043030096,0.32548744957419,0.23787427162707725,285312.0
Epoch,class,precision,recall,fscore,support
496,0,0.0,0.0,0.0,63255.0
496,1,0.0,0.0,0.0,55539.0
496,2,0.31671102661597145,0.7404003578617742,0.4362133750838793,87048.0
496,3,0.3450212480429412,0.35608924178035967,0.3388637888615544,80046.0
496,Micro Avg,0.32545627376426667,0.32545627376426667,0.32545627376426667,285888.0
496,Macro Avg,0.16569783046299388,0.274137776783714,0.19387273540596478,285888.0
496,weighted avg ,0.20621449340193002,0.32545627376426667,0.23783940952807384,285888.0
Epoch,class,precision,recall,fscore,support
497,0,0.0,0.0,0.0,63374.0
497,1,0.0,0.0,0.0,55657.0
497,2,0.3167042410714304,0.7403537946428553,0.43620200892857697,87221.0
497,3,0.3449899553571406,0.35611160714285456,0.3388660714285736,80212.0
497,Micro Avg,0.3254430803571511,0.3254430803571511,0.3254430803571511,286464.0
497,Macro Avg,0.1656897321428675,0.2741294642857111,0.1938705357143011,286464.0
497,weighted avg ,0.20619754464286372,0.3254430803571511,0.23783035714286105,286464.0
Epoch,class,precision,recall,fscore,support
498,0,0.0,0.0,0.0,63517.0
498,1,0.0,0.0,0.0,55774.0
498,2,0.3167268069940992,0.7404109589041077,0.4362278650183818,87405.0
498,3,0.3449315068493128,0.3561220625904864,0.3388395144225437,80376.0
498,Micro Avg,0.325442699632484,0.325442699632484,0.325442699632484,287072.0
498,Macro Avg,0.16567991981290714,0.27414856888294603,0.19387236886069034,287072.0
498,weighted avg ,0.20617774807885722,0.325442699632484,0.23782269740506018,287072.0
Epoch,class,precision,recall,fscore,support
499,0,0.0,0.0,0.0,63639.0
499,1,0.0,0.0,0.0,55888.0
499,2,0.31671779482049756,0.7403845726353211,0.43621318217184063,87580.0
499,3,0.3449505390685761,0.35615871957318856,0.33886406579971323,80541.0
499,Micro Avg,0.32543736801156764,0.32543736801156764,0.32543736801156764,287648.0
499,Macro Avg,0.1656830054462703,0.2741491608313853,0.1938735133933688,287648.0
499,weighted avg ,0.20617650327887732,0.32543736801156764,0.23781927309103412,287648.0
Epoch,class,precision,recall,fscore,support
500,0,0.0,0.0,0.0,63781.0
500,1,0.0,0.0,0.0,56002.0
500,2,0.3167188019966742,0.7403948973932317,0.4362140876317305,87755.0
500,3,0.3448330560177458,0.35610316139766796,0.33878646699944753,80686.0
500,Micro Avg,0.32540432612313647,0.32540432612313647,0.32540432612313647,288224.0
500,Macro Avg,0.16565391014976089,0.27413643926788395,0.1938524681087232,288224.0
500,weighted avg ,0.2061231281198069,0.32540432612313647,0.2377781475318951,288224.0
